angle	0deg				15deg		30deg		45deg		60deg	
detector position	x,y,z = 0.00000E+00 0.00000E+00 1.00000E+02				x,y,z = 2.58819E+01 0.00000E+00 9.65926E+01		x,y,z = 5.00000E+01 0.00000E+00 8.66025E+01		x,y,z = 7.07107E+01 0.00000E+00 7.07107E+01		x,y,z = 8.66025E+01 0.00000E+00 5.00000E+01	
	Energy		Fluence	SD	Fluence	SD	Fluence	SD	Fluence	SD	Fluence	SD
	min	max	cm-2		cm-2		cm-2		cm-2		cm-2	
	0.00E+00	2.50E-03	0.00E+00	0	0.00E+00	0	0.00E+00	0	0.00E+00	0	0.00E+00	0
	2.50E-03	5.00E-03	2.13E-18	0.7333	2.15E-18	0.7321	2.17E-18	0.731	2.18E-18	0.7303	2.17E-18	0.7293
	5.00E-03	7.50E-03	4.39E-18	0.4479	4.44E-18	0.4477	4.48E-18	0.4477	4.70E-18	0.4304	3.51E-18	0.5008
	7.50E-03	1.00E-02	1.38E-17	0.2697	1.29E-17	0.2798	1.19E-17	0.2744	1.25E-17	0.2645	1.17E-17	0.2738
	1.00E-02	1.25E-02	1.12E-17	0.2683	1.21E-17	0.2592	1.27E-17	0.2723	1.14E-17	0.2931	1.29E-17	0.3024
	1.25E-02	1.50E-02	1.66E-17	0.2188	1.66E-17	0.2189	1.75E-17	0.2113	1.72E-17	0.2139	1.72E-17	0.2113
	1.50E-02	1.75E-02	1.94E-17	0.2215	2.01E-17	0.2165	2.00E-17	0.2165	1.99E-17	0.2161	2.11E-17	0.207
	1.75E-02	2.00E-02	1.69E-17	0.2288	1.69E-17	0.2287	1.77E-17	0.223	1.79E-17	0.227	1.57E-17	0.2446
	2.00E-02	2.25E-02	2.66E-17	0.1786	2.67E-17	0.1786	2.65E-17	0.1785	2.72E-17	0.1847	2.69E-17	0.1845
	2.25E-02	2.50E-02	2.26E-17	0.1896	2.32E-17	0.1862	2.30E-17	0.1924	2.27E-17	0.1923	2.22E-17	0.1974
	2.50E-02	2.75E-02	3.91E-17	0.1513	3.86E-17	0.1502	3.82E-17	0.1532	3.73E-17	0.1551	3.78E-17	0.1533
	2.75E-02	3.00E-02	2.39E-17	0.1862	2.12E-17	0.1966	1.96E-17	0.2047	1.93E-17	0.205	1.96E-17	0.2046
	3.00E-02	3.25E-02	4.05E-17	0.149	4.28E-17	0.1445	4.23E-17	0.1472	4.15E-17	0.1447	3.81E-17	0.1491
	3.25E-02	3.50E-02	6.87E-17	0.115	7.31E-17	0.1136	7.37E-17	0.1122	6.93E-17	0.1168	6.96E-17	0.1176
	3.50E-02	3.75E-02	6.35E-17	0.1178	5.56E-17	0.124	5.47E-17	0.1253	5.44E-17	0.124	5.01E-17	0.1284
	3.75E-02	4.00E-02	4.82E-17	0.1281	5.24E-17	0.1227	5.11E-17	0.1255	5.18E-17	0.1256	5.11E-17	0.1263
	4.00E-02	4.25E-02	4.89E-17	0.1337	4.89E-17	0.133	4.47E-17	0.1389	4.39E-17	0.1386	4.24E-17	0.1392
	4.25E-02	4.50E-02	4.26E-17	0.141	3.92E-17	0.1459	4.69E-17	0.1342	4.54E-17	0.1367	4.49E-17	0.1363
	4.50E-02	4.75E-02	5.27E-17	0.1263	5.49E-17	0.1226	4.91E-17	0.1296	5.22E-17	0.1246	5.47E-17	0.1196
	4.75E-02	5.00E-02	5.52E-17	0.1234	5.42E-17	0.1263	5.73E-17	0.1241	5.70E-17	0.1232	5.45E-17	0.1289
	5.00E-02	5.25E-02	5.27E-17	0.131	5.46E-17	0.1274	5.20E-17	0.1305	5.01E-17	0.1348	5.04E-17	0.1329
	5.25E-02	5.50E-02	5.78E-17	0.122	5.67E-17	0.1244	5.92E-17	0.1209	6.08E-17	0.1183	6.10E-17	0.1164
	5.50E-02	5.75E-02	7.28E-17	0.1059	6.75E-17	0.1102	6.60E-17	0.1115	6.32E-17	0.1138	6.06E-17	0.1153
	5.75E-02	6.00E-02	5.27E-17	0.124	5.77E-17	0.1186	5.67E-17	0.1182	5.42E-17	0.1225	5.74E-17	0.1182
	6.00E-02	6.25E-02	6.66E-17	0.1128	6.58E-17	0.1118	6.85E-17	0.1082	7.12E-17	0.1078	7.11E-17	0.1073
	6.25E-02	6.50E-02	8.68E-17	0.0986	8.65E-17	0.0991	8.71E-17	0.0986	8.68E-17	0.0986	8.21E-17	0.1021
	6.50E-02	6.75E-02	9.04E-17	0.0985	8.65E-17	0.1014	8.50E-17	0.102	8.11E-17	0.1042	7.91E-17	0.1037
	6.75E-02	7.00E-02	7.34E-17	0.1076	6.95E-17	0.1097	6.69E-17	0.1136	7.15E-17	0.1095	7.22E-17	0.1108
	7.00E-02	7.25E-02	7.62E-17	0.1032	8.40E-17	0.0998	8.03E-17	0.1018	7.46E-17	0.1053	7.67E-17	0.1024
	7.25E-02	7.50E-02	8.18E-17	0.1012	8.55E-17	0.0992	9.20E-17	0.0955	9.15E-17	0.0956	8.14E-17	0.0998
	7.50E-02	7.75E-02	9.95E-17	0.0956	9.70E-17	0.0955	9.12E-17	0.0962	9.52E-17	0.0946	9.36E-17	0.095
	7.75E-02	8.00E-02	9.23E-17	0.0958	9.34E-17	0.0959	9.77E-17	0.0962	9.35E-17	0.0975	9.33E-17	0.1006
	8.00E-02	8.25E-02	1.02E-16	0.0903	1.04E-16	0.0901	1.04E-16	0.0902	1.09E-16	0.0874	1.10E-16	0.0866
	8.25E-02	8.50E-02	1.03E-16	0.0918	1.00E-16	0.0928	9.94E-17	0.0923	9.28E-17	0.0955	9.04E-17	0.0966
	8.50E-02	8.75E-02	9.61E-17	0.0904	9.15E-17	0.0934	8.46E-17	0.097	7.81E-17	0.1018	7.14E-17	0.1056
	8.75E-02	9.00E-02	6.26E-17	0.1136	6.25E-17	0.1151	6.65E-17	0.11	6.59E-17	0.1107	5.80E-17	0.1176
	9.00E-02	9.25E-02	7.12E-17	0.1043	7.22E-17	0.1039	7.63E-17	0.1002	7.35E-17	0.1038	7.30E-17	0.1053
	9.25E-02	9.50E-02	7.86E-17	0.1052	7.19E-17	0.1033	6.34E-17	0.1092	6.73E-17	0.1072	6.65E-17	0.1066
	9.50E-02	9.75E-02	7.28E-17	0.1022	7.98E-17	0.0996	8.40E-17	0.0973	8.24E-17	0.0979	8.63E-17	0.0943
	9.75E-02	1.00E-01	8.73E-17	0.0976	8.85E-17	0.0974	9.02E-17	0.0951	8.58E-17	0.097	7.22E-17	0.1052
	1.00E-01	1.03E-01	8.21E-17	0.0964	7.88E-17	0.0997	7.05E-17	0.1043	7.42E-17	0.1012	7.41E-17	0.1027
	1.03E-01	1.05E-01	8.15E-17	0.097	8.26E-17	0.0948	9.00E-17	0.0919	8.33E-17	0.0966	8.59E-17	0.0954
	1.05E-01	1.08E-01	1.27E-16	0.0785	1.27E-16	0.0779	1.29E-16	0.0771	1.42E-16	0.0739	1.49E-16	0.0723
	1.08E-01	1.10E-01	1.67E-16	0.0682	1.77E-16	0.0664	1.77E-16	0.0662	1.74E-16	0.0667	1.66E-16	0.0681
	1.10E-01	1.13E-01	2.03E-16	0.0625	2.09E-16	0.0611	2.11E-16	0.0609	1.99E-16	0.0615	1.92E-16	0.0623
	1.13E-01	1.15E-01	2.28E-16	0.0596	2.33E-16	0.0583	2.30E-16	0.0588	2.31E-16	0.0577	2.14E-16	0.059
	1.15E-01	1.18E-01	2.62E-16	0.0551	2.43E-16	0.0569	2.37E-16	0.0573	2.42E-16	0.0562	2.44E-16	0.0559
	1.18E-01	1.20E-01	3.09E-16	0.0504	2.99E-16	0.0511	3.23E-16	0.0493	3.04E-16	0.0507	3.15E-16	0.0487
	1.20E-01	1.23E-01	4.31E-16	0.0416	4.26E-16	0.0422	3.88E-16	0.0442	4.01E-16	0.0435	4.00E-16	0.0429
	1.23E-01	1.25E-01	5.94E-16	0.0355	5.94E-16	0.0357	6.06E-16	0.0353	5.89E-16	0.0356	5.98E-16	0.0344
	1.25E-01	1.28E-01	8.89E-16	0.0295	8.93E-16	0.0294	9.19E-16	0.029	9.56E-16	0.0283	9.45E-16	0.0282
	1.28E-01	1.30E-01	1.30E-15	0.0248	1.35E-15	0.0246	1.34E-15	0.0243	1.34E-15	0.0243	1.35E-15	0.024
	1.30E-01	1.33E-01	1.87E-15	0.0208	1.89E-15	0.0205	1.87E-15	0.0208	1.85E-15	0.0207	1.73E-15	0.0214
	1.33E-01	1.35E-01	2.58E-15	0.0176	2.58E-15	0.0177	2.53E-15	0.0179	2.37E-15	0.0182	2.22E-15	0.0186
	1.35E-01	1.38E-01	3.11E-15	0.0156	3.11E-15	0.0158	2.97E-15	0.0162	2.81E-15	0.0164	2.50E-15	0.017
	1.38E-01	1.40E-01	3.92E-15	0.0136	3.85E-15	0.0138	3.70E-15	0.0143	3.37E-15	0.0148	2.88E-15	0.0153
	1.40E-01	1.43E-01	4.55E-15	0.0121	4.55E-15	0.0124	4.17E-15	0.013	3.72E-15	0.0137	3.16E-15	0.0142
	1.43E-01	1.45E-01	4.29E-15	0.0121	4.37E-15	0.0122	4.08E-15	0.0126	3.61E-15	0.0134	2.99E-15	0.0142
	1.45E-01	1.48E-01	3.88E-15	0.0124	3.86E-15	0.0125	3.64E-15	0.013	3.30E-15	0.0137	2.76E-15	0.0145
	1.48E-01	1.50E-01	3.71E-15	0.0127	3.69E-15	0.0128	3.55E-15	0.0131	3.22E-15	0.0138	2.86E-15	0.0143
	1.50E-01	1.53E-01	3.73E-15	0.0127	3.80E-15	0.0127	3.60E-15	0.013	3.37E-15	0.0134	3.00E-15	0.0139
	1.53E-01	1.55E-01	3.96E-15	0.0124	3.86E-15	0.0127	3.70E-15	0.0129	3.39E-15	0.0134	3.09E-15	0.0137
	1.55E-01	1.58E-01	3.90E-15	0.0127	3.95E-15	0.0126	3.79E-15	0.0128	3.50E-15	0.0133	3.20E-15	0.0136
	1.58E-01	1.60E-01	3.62E-15	0.0128	3.60E-15	0.0129	3.43E-15	0.0132	3.15E-15	0.0137	2.85E-15	0.0142
	1.60E-01	1.63E-01	3.25E-15	0.0132	3.24E-15	0.0132	3.04E-15	0.0136	2.75E-15	0.0142	2.50E-15	0.0148
	1.63E-01	1.65E-01	3.68E-15	0.0127	3.62E-15	0.0128	3.44E-15	0.0131	3.20E-15	0.0134	2.95E-15	0.0137
	1.65E-01	1.68E-01	4.16E-15	0.0125	4.18E-15	0.0124	4.09E-15	0.0124	3.87E-15	0.0126	3.56E-15	0.0129
	1.68E-01	1.70E-01	4.60E-15	0.0121	4.58E-15	0.0122	4.50E-15	0.0121	4.27E-15	0.0122	4.13E-15	0.0123
	1.70E-01	1.73E-01	5.04E-15	0.0117	4.95E-15	0.0116	4.89E-15	0.0116	4.68E-15	0.0118	4.43E-15	0.0119
	1.73E-01	1.75E-01	5.50E-15	0.0112	5.60E-15	0.011	5.44E-15	0.0111	5.33E-15	0.0111	5.00E-15	0.0113
	1.75E-01	1.78E-01	6.28E-15	0.0104	6.18E-15	0.0105	6.26E-15	0.0104	6.12E-15	0.0104	5.81E-15	0.0106
	1.78E-01	1.80E-01	7.29E-15	0.0097	7.35E-15	0.0097	7.25E-15	0.0097	7.10E-15	0.0097	6.68E-15	0.0099
	1.80E-01	1.83E-01	8.72E-15	0.0089	8.66E-15	0.0089	8.49E-15	0.009	8.16E-15	0.0091	7.66E-15	0.0093
	1.83E-01	1.85E-01	1.01E-14	0.0083	9.92E-15	0.0084	9.59E-15	0.0085	9.01E-15	0.0087	8.40E-15	0.0089
	1.85E-01	1.88E-01	1.14E-14	0.0079	1.13E-14	0.0079	1.08E-14	0.008	9.99E-15	0.0083	9.05E-15	0.0086
	1.88E-01	1.90E-01	1.25E-14	0.0075	1.22E-14	0.0076	1.15E-14	0.0078	1.06E-14	0.008	9.74E-15	0.0083
	1.90E-01	1.93E-01	1.27E-14	0.0075	1.27E-14	0.0075	1.20E-14	0.0077	1.11E-14	0.0079	1.01E-14	0.0082
	1.93E-01	1.95E-01	1.28E-14	0.0075	1.27E-14	0.0075	1.25E-14	0.0076	1.15E-14	0.0078	1.06E-14	0.0081
	1.95E-01	1.98E-01	1.23E-14	0.0076	1.24E-14	0.0076	1.21E-14	0.0077	1.18E-14	0.0077	1.08E-14	0.008
	1.98E-01	2.00E-01	1.18E-14	0.0077	1.17E-14	0.0078	1.17E-14	0.0078	1.16E-14	0.0078	1.09E-14	0.0079
	2.00E-01	2.03E-01	1.09E-14	0.008	1.12E-14	0.0079	1.12E-14	0.0079	1.07E-14	0.008	1.04E-14	0.008
	2.03E-01	2.05E-01	1.05E-14	0.0081	1.06E-14	0.0081	1.04E-14	0.0081	1.02E-14	0.0081	9.65E-15	0.0082
	2.05E-01	2.08E-01	1.03E-14	0.0081	9.85E-15	0.0083	9.78E-15	0.0083	9.58E-15	0.0083	9.06E-15	0.0084
	2.08E-01	2.10E-01	9.06E-15	0.0085	9.22E-15	0.0085	9.09E-15	0.0085	8.98E-15	0.0085	8.58E-15	0.0086
	2.10E-01	2.13E-01	8.47E-15	0.0089	8.67E-15	0.0088	8.71E-15	0.0087	8.55E-15	0.0088	8.18E-15	0.0088
	2.13E-01	2.15E-01	8.29E-15	0.0091	8.30E-15	0.0091	8.51E-15	0.0089	8.38E-15	0.009	8.06E-15	0.009
	2.15E-01	2.18E-01	7.96E-15	0.0093	7.88E-15	0.0093	8.04E-15	0.0093	8.17E-15	0.0091	7.89E-15	0.0092
	2.18E-01	2.20E-01	7.64E-15	0.0095	7.73E-15	0.0095	7.66E-15	0.0096	7.74E-15	0.0094	7.71E-15	0.0094
	2.20E-01	2.23E-01	7.38E-15	0.0098	7.35E-15	0.0098	7.39E-15	0.0098	7.54E-15	0.0097	7.52E-15	0.0096
	2.23E-01	2.25E-01	7.10E-15	0.01	7.18E-15	0.01	7.20E-15	0.01	7.09E-15	0.01	7.14E-15	0.0099
	2.25E-01	2.28E-01	6.76E-15	0.0102	6.79E-15	0.0102	6.76E-15	0.0102	6.79E-15	0.0102	6.90E-15	0.01
	2.28E-01	2.30E-01	6.63E-15	0.0104	6.61E-15	0.0104	6.65E-15	0.0105	6.99E-15	0.0101	6.82E-15	0.0102
	2.30E-01	2.33E-01	6.23E-15	0.0108	6.38E-15	0.0107	6.98E-15	0.0102	6.76E-15	0.0104	6.33E-15	0.0107
	2.33E-01	2.35E-01	5.95E-15	0.0111	6.22E-15	0.0108	6.30E-15	0.0108	6.02E-15	0.0111	6.00E-15	0.0111
	2.35E-01	2.38E-01	5.51E-15	0.0115	6.30E-15	0.0108	5.70E-15	0.0114	5.66E-15	0.0116	5.69E-15	0.0115
	2.38E-01	2.40E-01	7.75E-15	0.0097	5.56E-15	0.0116	5.37E-15	0.0119	5.31E-15	0.012	5.51E-15	0.0118
	2.40E-01	2.43E-01	5.27E-15	0.0119	5.44E-15	0.0117	5.00E-15	0.0124	5.25E-15	0.0122	5.39E-15	0.012
	2.43E-01	2.45E-01	4.23E-15	0.0133	5.05E-15	0.0122	5.05E-15	0.0123	5.34E-15	0.012	5.94E-15	0.0113
	2.45E-01	2.48E-01	3.72E-15	0.0141	4.30E-15	0.0132	5.35E-15	0.0119	5.96E-15	0.0112	6.48E-15	0.0108
	2.48E-01	2.50E-01	3.74E-15	0.014	4.24E-15	0.0132	5.77E-15	0.0114	6.65E-15	0.0106	6.83E-15	0.0105
	2.50E-01	2.53E-01	4.19E-15	0.0132	4.61E-15	0.0126	6.08E-15	0.011	7.23E-15	0.0102	7.14E-15	0.0103
	2.53E-01	2.55E-01	5.03E-15	0.0121	5.70E-15	0.0113	6.40E-15	0.0107	6.93E-15	0.0104	7.36E-15	0.0101
	2.55E-01	2.58E-01	6.76E-15	0.0105	6.95E-15	0.0103	6.72E-15	0.0105	6.93E-15	0.0103	7.73E-15	0.0099
	2.58E-01	2.60E-01	8.97E-15	0.0091	7.99E-15	0.0096	7.03E-15	0.0102	6.97E-15	0.0102	7.11E-15	0.0101
	2.60E-01	2.63E-01	9.85E-15	0.0087	8.63E-15	0.0093	7.61E-15	0.0099	7.35E-15	0.0099	7.31E-15	0.0099
	2.63E-01	2.65E-01	9.68E-15	0.0089	9.39E-15	0.0091	8.55E-15	0.0095	7.96E-15	0.0097	7.48E-15	0.0099
	2.65E-01	2.68E-01	8.81E-15	0.0095	9.76E-15	0.009	9.49E-15	0.0091	8.42E-15	0.0096	7.90E-15	0.0098
	2.68E-01	2.70E-01	9.65E-15	0.0091	9.92E-15	0.009	1.02E-14	0.0089	9.24E-15	0.0093	8.42E-15	0.0096
	2.70E-01	2.73E-01	1.06E-14	0.0088	1.02E-14	0.0089	1.04E-14	0.0088	1.01E-14	0.009	9.31E-15	0.0092
	2.73E-01	2.75E-01	1.18E-14	0.0083	1.15E-14	0.0085	1.11E-14	0.0086	1.13E-14	0.0085	1.09E-14	0.0087
	2.75E-01	2.78E-01	1.35E-14	0.0078	1.35E-14	0.0078	1.29E-14	0.008	1.30E-14	0.0079	1.32E-14	0.0078
	2.78E-01	2.80E-01	1.63E-14	0.0071	1.61E-14	0.0071	1.57E-14	0.0072	1.54E-14	0.0072	1.56E-14	0.0072
	2.80E-01	2.83E-01	1.85E-14	0.0066	1.85E-14	0.0066	1.83E-14	0.0066	1.81E-14	0.0066	1.78E-14	0.0067
	2.83E-01	2.85E-01	2.02E-14	0.0063	2.02E-14	0.0063	2.03E-14	0.0063	2.00E-14	0.0063	1.93E-14	0.0065
	2.85E-01	2.88E-01	1.93E-14	0.0064	1.96E-14	0.0064	2.03E-14	0.0063	2.02E-14	0.0064	1.94E-14	0.0066
	2.88E-01	2.90E-01	1.74E-14	0.0068	1.78E-14	0.0067	1.84E-14	0.0067	1.81E-14	0.0068	1.78E-14	0.0069
	2.90E-01	2.93E-01	1.63E-14	0.007	1.66E-14	0.007	1.67E-14	0.007	1.65E-14	0.0072	1.63E-14	0.0073
	2.93E-01	2.95E-01	1.54E-14	0.0073	1.55E-14	0.0073	1.49E-14	0.0074	1.46E-14	0.0077	1.46E-14	0.0078
	2.95E-01	2.98E-01	1.54E-14	0.0073	1.46E-14	0.0075	1.36E-14	0.0079	1.32E-14	0.0081	1.31E-14	0.0083
	2.98E-01	3.00E-01	1.48E-14	0.0075	1.36E-14	0.0079	1.24E-14	0.0083	1.21E-14	0.0085	1.21E-14	0.0087
	3.00E-01	3.03E-01	1.28E-14	0.0081	1.24E-14	0.0083	1.16E-14	0.0086	1.12E-14	0.0089	1.11E-14	0.0091
	3.03E-01	3.05E-01	1.07E-14	0.0088	1.12E-14	0.0087	1.10E-14	0.0089	1.05E-14	0.0092	1.05E-14	0.0094
	3.05E-01	3.08E-01	9.28E-15	0.0095	9.77E-15	0.0094	1.01E-14	0.0094	9.94E-15	0.0096	9.65E-15	0.0099
	3.08E-01	3.10E-01	8.10E-15	0.0102	8.28E-15	0.0102	8.97E-15	0.01	9.15E-15	0.0101	9.23E-15	0.0102
	3.10E-01	3.13E-01	7.13E-15	0.0109	7.35E-15	0.0108	8.08E-15	0.0105	8.80E-15	0.0103	8.79E-15	0.0105
	3.13E-01	3.15E-01	6.29E-15	0.0116	6.53E-15	0.0115	6.91E-15	0.0114	7.70E-15	0.011	8.23E-15	0.0109
	3.15E-01	3.18E-01	5.61E-15	0.0123	5.72E-15	0.0122	6.18E-15	0.012	6.76E-15	0.0118	7.35E-15	0.0116
	3.18E-01	3.20E-01	4.94E-15	0.0131	5.06E-15	0.013	5.43E-15	0.0128	6.01E-15	0.0125	6.51E-15	0.0123
	3.20E-01	3.23E-01	4.40E-15	0.0139	4.54E-15	0.0138	4.86E-15	0.0135	5.34E-15	0.0133	5.84E-15	0.0131
	3.23E-01	3.25E-01	4.11E-15	0.0144	4.19E-15	0.0143	4.50E-15	0.014	4.90E-15	0.0138	5.28E-15	0.0136
	3.25E-01	3.28E-01	3.83E-15	0.0149	3.95E-15	0.0148	4.12E-15	0.0146	4.49E-15	0.0144	4.82E-15	0.0143
	3.28E-01	3.30E-01	3.57E-15	0.0154	3.67E-15	0.0153	3.94E-15	0.0149	4.28E-15	0.0147	4.50E-15	0.0147
	3.30E-01	3.33E-01	3.39E-15	0.0158	3.41E-15	0.0158	3.57E-15	0.0156	3.70E-15	0.0158	3.93E-15	0.0157
	3.33E-01	3.35E-01	3.26E-15	0.0162	3.32E-15	0.016	3.36E-15	0.0161	3.59E-15	0.0161	3.74E-15	0.0161
	3.35E-01	3.38E-01	3.20E-15	0.0164	3.22E-15	0.0164	3.26E-15	0.0164	3.41E-15	0.0165	3.52E-15	0.0166
	3.38E-01	3.40E-01	3.05E-15	0.0167	3.03E-15	0.0168	3.07E-15	0.0169	3.24E-15	0.0169	3.32E-15	0.0171
	3.40E-01	3.43E-01	3.01E-15	0.0169	2.97E-15	0.017	3.02E-15	0.017	3.07E-15	0.0173	3.16E-15	0.0174
	3.43E-01	3.45E-01	2.90E-15	0.0172	2.96E-15	0.0171	2.90E-15	0.0173	3.02E-15	0.0175	3.07E-15	0.0177
	3.45E-01	3.48E-01	2.81E-15	0.0175	2.76E-15	0.0177	2.81E-15	0.0177	2.87E-15	0.018	2.90E-15	0.0184
	3.48E-01	3.50E-01	2.80E-15	0.0176	2.81E-15	0.0175	2.78E-15	0.0177	2.86E-15	0.0179	2.88E-15	0.0182
	3.50E-01	3.53E-01	2.73E-15	0.0178	2.69E-15	0.0179	2.73E-15	0.0179	2.72E-15	0.0185	2.75E-15	0.0188
	3.53E-01	3.55E-01	2.66E-15	0.018	2.66E-15	0.0181	2.67E-15	0.0183	2.75E-15	0.0184	2.78E-15	0.0187
	3.55E-01	3.58E-01	2.62E-15	0.0182	2.63E-15	0.0182	2.67E-15	0.0183	2.75E-15	0.0185	2.72E-15	0.0191
	3.58E-01	3.60E-01	2.60E-15	0.0183	2.58E-15	0.0184	2.55E-15	0.0188	2.60E-15	0.0191	2.65E-15	0.0192
	3.60E-01	3.63E-01	2.53E-15	0.0185	2.51E-15	0.0187	2.56E-15	0.0187	2.61E-15	0.0191	2.66E-15	0.0192
	3.63E-01	3.65E-01	2.51E-15	0.0186	2.50E-15	0.0187	2.62E-15	0.0186	2.63E-15	0.0191	2.64E-15	0.0193
	3.65E-01	3.68E-01	2.46E-15	0.0189	2.50E-15	0.0187	2.42E-15	0.0194	2.56E-15	0.0194	2.59E-15	0.0196
	3.68E-01	3.70E-01	2.42E-15	0.019	2.44E-15	0.0189	2.49E-15	0.0191	2.51E-15	0.0196	2.52E-15	0.0198
	3.70E-01	3.73E-01	2.44E-15	0.0189	2.43E-15	0.019	2.41E-15	0.0193	2.43E-15	0.0199	2.47E-15	0.0199
	3.73E-01	3.75E-01	2.46E-15	0.0189	2.43E-15	0.0191	2.45E-15	0.0194	2.42E-15	0.02	2.46E-15	0.0201
	3.75E-01	3.78E-01	2.39E-15	0.0191	2.41E-15	0.0192	2.42E-15	0.0196	2.47E-15	0.02	2.48E-15	0.0202
	3.78E-01	3.80E-01	2.45E-15	0.019	2.34E-15	0.0195	2.33E-15	0.02	2.35E-15	0.0205	2.44E-15	0.0204
	3.80E-01	3.83E-01	2.32E-15	0.0197	2.39E-15	0.0195	2.41E-15	0.0199	2.47E-15	0.0202	2.59E-15	0.0199
	3.83E-01	3.85E-01	2.35E-15	0.0195	2.34E-15	0.0196	2.43E-15	0.0197	2.44E-15	0.0202	2.70E-15	0.0196
	3.85E-01	3.88E-01	2.36E-15	0.0195	2.33E-15	0.0197	2.34E-15	0.0202	2.32E-15	0.0209	2.80E-15	0.0194
	3.88E-01	3.90E-01	2.23E-15	0.02	2.24E-15	0.0201	2.31E-15	0.0204	2.34E-15	0.0208	3.89E-15	0.0167
	3.90E-01	3.93E-01	2.31E-15	0.0197	2.32E-15	0.0197	2.30E-15	0.0204	2.32E-15	0.021	1.84E-14	0.008
	3.93E-01	3.95E-01	2.24E-15	0.02	2.27E-15	0.02	2.33E-15	0.0204	2.36E-15	0.0208	1.49E-13	0.0028
	3.95E-01	3.98E-01	2.31E-15	0.0198	2.27E-15	0.0202	2.27E-15	0.0207	2.28E-15	0.0211	6.96E-13	0.0013
	3.98E-01	4.00E-01	2.26E-15	0.0201	2.27E-15	0.0201	2.32E-15	0.0205	2.31E-15	0.021	1.70E-12	0.0008
	4.00E-01	4.03E-01	2.15E-15	0.0207	2.21E-15	0.0205	2.28E-15	0.0208	2.29E-15	0.0213	2.51E-12	0.0006
	4.03E-01	4.05E-01	2.23E-15	0.0203	2.26E-15	0.0203	2.25E-15	0.021	2.28E-15	0.0213	2.79E-12	0.0006
	4.05E-01	4.08E-01	2.22E-15	0.0205	2.18E-15	0.0209	2.26E-15	0.021	2.25E-15	0.0216	2.82E-12	0.0006
	4.08E-01	4.10E-01	2.18E-15	0.0206	2.14E-15	0.021	2.17E-15	0.0216	2.19E-15	0.0219	1.36E-12	0.0009
	4.10E-01	4.13E-01	2.16E-15	0.0207	2.20E-15	0.0208	2.22E-15	0.0213	2.21E-15	0.0219	5.65E-15	0.0144
	4.13E-01	4.15E-01	2.14E-15	0.0209	2.15E-15	0.0212	2.14E-15	0.0219	2.10E-15	0.0226	3.14E-15	0.0191
	4.15E-01	4.18E-01	2.10E-15	0.0212	2.14E-15	0.0214	2.13E-15	0.0221	2.12E-15	0.0226	2.51E-15	0.0211
	4.18E-01	4.20E-01	2.01E-15	0.0218	2.09E-15	0.0217	2.10E-15	0.0224	2.07E-15	0.0231	2.22E-15	0.0224
	4.20E-01	4.23E-01	1.98E-15	0.022	2.01E-15	0.0222	2.06E-15	0.0226	2.03E-15	0.0233	2.08E-15	0.023
	4.23E-01	4.25E-01	2.05E-15	0.0217	2.02E-15	0.0223	2.08E-15	0.0227	2.07E-15	0.023	2.08E-15	0.0229
	4.25E-01	4.28E-01	2.07E-15	0.0217	2.14E-15	0.0218	2.19E-15	0.0223	2.21E-15	0.0227	2.13E-15	0.0229
	4.28E-01	4.30E-01	2.03E-15	0.022	2.12E-15	0.0221	2.11E-15	0.0229	2.09E-15	0.0234	2.00E-15	0.0236
	4.30E-01	4.33E-01	1.96E-15	0.0225	1.98E-15	0.0229	2.04E-15	0.0234	2.10E-15	0.0235	2.00E-15	0.0238
	4.33E-01	4.35E-01	2.05E-15	0.0221	2.10E-15	0.0225	2.02E-15	0.0235	1.99E-15	0.0241	1.85E-15	0.0245
	4.35E-01	4.38E-01	1.97E-15	0.0226	2.02E-15	0.0231	2.05E-15	0.0237	2.07E-15	0.0241	1.95E-15	0.0243
	4.38E-01	4.40E-01	1.88E-15	0.0233	1.93E-15	0.0237	1.97E-15	0.0242	2.00E-15	0.0245	1.79E-15	0.0253
	4.40E-01	4.43E-01	1.85E-15	0.0237	1.91E-15	0.0239	1.96E-15	0.0245	2.08E-15	0.0243	1.80E-15	0.0253
	4.43E-01	4.45E-01	1.91E-15	0.0234	2.01E-15	0.0234	2.03E-15	0.024	2.14E-15	0.024	1.82E-15	0.025
	4.45E-01	4.48E-01	1.91E-15	0.0236	1.92E-15	0.0242	1.91E-15	0.0248	2.30E-15	0.0233	1.81E-15	0.0249
	4.48E-01	4.50E-01	1.89E-15	0.0238	2.00E-15	0.0237	2.00E-15	0.0244	2.67E-15	0.0224	1.78E-15	0.0254
	4.50E-01	4.53E-01	1.97E-15	0.0234	1.95E-15	0.0243	1.97E-15	0.0247	5.31E-15	0.017	1.75E-15	0.0256
	4.53E-01	4.55E-01	1.92E-15	0.024	1.94E-15	0.0244	1.92E-15	0.0251	3.74E-14	0.0068	1.73E-15	0.0257
	4.55E-01	4.58E-01	1.99E-15	0.0238	2.03E-15	0.0241	2.01E-15	0.0248	2.62E-13	0.0026	1.74E-15	0.0258
	4.58E-01	4.60E-01	1.93E-15	0.0244	1.99E-15	0.0245	1.99E-15	0.025	1.05E-12	0.0013	1.79E-15	0.0254
	4.60E-01	4.63E-01	1.99E-15	0.0242	1.98E-15	0.0246	1.98E-15	0.0251	2.36E-12	0.0008	1.73E-15	0.0258
	4.63E-01	4.65E-01	1.97E-15	0.0245	2.03E-15	0.0245	2.00E-15	0.0252	3.40E-12	0.0006	1.74E-15	0.026
	4.65E-01	4.68E-01	2.07E-15	0.0241	2.05E-15	0.0245	2.00E-15	0.025	3.81E-12	0.0006	1.74E-15	0.0256
	4.68E-01	4.70E-01	2.01E-15	0.0247	2.07E-15	0.0246	2.05E-15	0.0251	3.88E-12	0.0006	1.73E-15	0.0261
	4.70E-01	4.73E-01	2.06E-15	0.0244	1.97E-15	0.0253	1.97E-15	0.0256	2.98E-12	0.0007	1.63E-15	0.0266
	4.73E-01	4.75E-01	2.01E-15	0.025	2.03E-15	0.0251	2.07E-15	0.0251	2.11E-14	0.0092	1.77E-15	0.0257
	4.75E-01	4.78E-01	2.08E-15	0.0247	2.05E-15	0.0251	1.95E-15	0.0259	3.39E-15	0.0214	1.66E-15	0.0265
	4.78E-01	4.80E-01	2.12E-15	0.0246	2.13E-15	0.0249	2.11E-15	0.0253	2.63E-15	0.0235	1.74E-15	0.0258
	4.80E-01	4.83E-01	2.13E-15	0.0247	2.06E-15	0.0252	2.07E-15	0.0254	2.20E-15	0.0249	1.67E-15	0.0261
	4.83E-01	4.85E-01	2.23E-15	0.0245	2.15E-15	0.0249	2.10E-15	0.0254	2.10E-15	0.0253	1.73E-15	0.0258
	4.85E-01	4.88E-01	2.17E-15	0.0249	2.13E-15	0.0251	2.15E-15	0.0252	2.03E-15	0.0258	1.63E-15	0.0266
	4.88E-01	4.90E-01	2.19E-15	0.025	2.16E-15	0.0251	2.10E-15	0.0258	1.95E-15	0.0261	1.65E-15	0.0265
	4.90E-01	4.93E-01	2.17E-15	0.0253	2.09E-15	0.0256	2.10E-15	0.0256	1.92E-15	0.026	1.65E-15	0.0264
	4.93E-01	4.95E-01	2.32E-15	0.0248	2.28E-15	0.0248	2.19E-15	0.0255	1.94E-15	0.0262	1.66E-15	0.0263
	4.95E-01	4.98E-01	2.31E-15	0.025	2.18E-15	0.0254	2.24E-15	0.0254	1.90E-15	0.0265	1.60E-15	0.0268
	4.98E-01	5.00E-01	2.35E-15	0.0249	2.26E-15	0.0253	2.47E-15	0.0247	1.98E-15	0.0258	1.67E-15	0.0261
	5.00E-01	5.03E-01	2.30E-15	0.0254	2.18E-15	0.0258	2.54E-15	0.0248	1.89E-15	0.0263	1.63E-15	0.0265
	5.03E-01	5.05E-01	2.41E-15	0.0251	2.39E-15	0.0249	4.05E-15	0.0213	1.96E-15	0.0259	1.61E-15	0.0265
	5.05E-01	5.08E-01	2.39E-15	0.0254	2.29E-15	0.0257	2.25E-14	0.01	1.93E-15	0.0264	1.64E-15	0.0265
	5.08E-01	5.10E-01	2.39E-15	0.0255	2.35E-15	0.0255	1.75E-13	0.0036	1.86E-15	0.0269	1.60E-15	0.0267
	5.10E-01	5.13E-01	2.41E-15	0.0256	2.33E-15	0.0259	8.28E-13	0.0017	1.95E-15	0.0265	1.67E-15	0.0265
	5.13E-01	5.15E-01	2.51E-15	0.0254	2.34E-15	0.0261	2.25E-12	0.001	1.97E-15	0.0264	1.70E-15	0.026
	5.15E-01	5.18E-01	2.37E-15	0.0263	2.39E-15	0.026	3.81E-12	0.0007	1.96E-15	0.0264	1.59E-15	0.0269
	5.18E-01	5.20E-01	2.53E-15	0.0258	2.41E-15	0.026	4.68E-12	0.0006	1.96E-15	0.0262	1.64E-15	0.026
	5.20E-01	5.23E-01	2.52E-15	0.0258	2.49E-15	0.0257	4.93E-12	0.0006	1.95E-15	0.0264	1.64E-15	0.0264
	5.23E-01	5.25E-01	2.51E-15	0.0259	2.48E-15	0.0257	4.99E-12	0.0006	1.93E-15	0.0264	1.62E-15	0.0262
	5.25E-01	5.28E-01	2.55E-15	0.0262	2.49E-15	0.0261	2.26E-12	0.001	1.89E-15	0.0268	1.57E-15	0.0267
	5.28E-01	5.30E-01	2.50E-15	0.0264	2.48E-15	0.0264	4.94E-15	0.0205	1.90E-15	0.0268	1.60E-15	0.0264
	5.30E-01	5.33E-01	2.70E-15	0.0256	2.68E-15	0.0257	2.94E-15	0.0248	1.95E-15	0.0267	1.62E-15	0.0265
	5.33E-01	5.35E-01	2.59E-15	0.0264	2.62E-15	0.0261	2.59E-15	0.0258	1.93E-15	0.0266	1.57E-15	0.0263
	5.35E-01	5.38E-01	2.60E-15	0.0265	2.76E-15	0.0256	2.47E-15	0.0261	1.91E-15	0.0268	1.52E-15	0.0269
	5.38E-01	5.40E-01	2.75E-15	0.026	3.04E-15	0.0253	2.32E-15	0.0268	1.92E-15	0.0268	1.57E-15	0.0264
	5.40E-01	5.43E-01	2.63E-15	0.0269	9.00E-15	0.0167	2.29E-15	0.0269	1.85E-15	0.0274	1.53E-15	0.0267
	5.43E-01	5.45E-01	2.75E-15	0.0263	7.40E-14	0.0061	2.31E-15	0.0268	1.95E-15	0.0265	1.54E-15	0.0263
	5.45E-01	5.48E-01	2.85E-15	0.026	4.61E-13	0.0025	2.40E-15	0.0262	1.93E-15	0.0266	1.56E-15	0.0261
	5.48E-01	5.50E-01	2.91E-15	0.0261	1.65E-12	0.0013	2.38E-15	0.0265	1.96E-15	0.0265	1.51E-15	0.0265
	5.50E-01	5.53E-01	3.06E-15	0.0259	3.51E-12	0.0008	2.34E-15	0.0268	1.93E-15	0.0266	1.59E-15	0.0256
	5.53E-01	5.55E-01	7.05E-15	0.0191	5.00E-12	0.0007	2.48E-15	0.0261	2.00E-15	0.0261	1.53E-15	0.0261
	5.55E-01	5.58E-01	5.66E-14	0.0072	5.63E-12	0.0006	2.45E-15	0.0263	1.91E-15	0.0268	1.47E-15	0.0264
	5.58E-01	5.60E-01	3.81E-13	0.0028	5.75E-12	0.0006	2.41E-15	0.0268	1.94E-15	0.0267	1.37E-15	0.0273
	5.60E-01	5.63E-01	1.48E-12	0.0014	5.97E-12	0.0006	2.30E-15	0.0276	1.71E-15	0.0284	1.23E-15	0.0286
	5.63E-01	5.65E-01	3.38E-12	0.0009	7.68E-13	0.0019	2.02E-15	0.0295	1.48E-15	0.0305	9.66E-16	0.0322
	5.65E-01	5.68E-01	5.08E-12	0.0007	2.24E-15	0.0308	1.64E-15	0.0328	1.11E-15	0.0354	6.43E-16	0.0394
	5.68E-01	5.70E-01	5.87E-12	0.0007	1.46E-15	0.0377	1.13E-15	0.0399	7.19E-16	0.0437	4.31E-16	0.0478
	5.70E-01	5.73E-01	6.06E-12	0.0006	9.53E-16	0.0467	7.49E-16	0.049	4.26E-16	0.057	1.52E-16	0.0806
	5.73E-01	5.75E-01	6.10E-12	0.0006	4.54E-16	0.0678	2.24E-16	0.0898	7.06E-17	0.1392	0.00E+00	0
	5.75E-01	5.78E-01	2.25E-12	0.0011	6.34E-18	0.5779	0.00E+00	0	0.00E+00	0	0.00E+00	0
	5.78E-01	5.80E-01	0.00E+00	0	0.00E+00	0	0.00E+00	0	0.00E+00	0	0.00E+00	0
	5.80E-01	5.83E-01	0.00E+00	0	0.00E+00	0	0.00E+00	0	0.00E+00	0	0.00E+00	0
	5.83E-01	5.85E-01	0.00E+00	0	0.00E+00	0	0.00E+00	0	0.00E+00	0	0.00E+00	0
	5.85E-01	5.88E-01	0.00E+00	0	0.00E+00	0	0.00E+00	0	0.00E+00	0	0.00E+00	0
	5.88E-01	5.90E-01	0.00E+00	0	0.00E+00	0	0.00E+00	0	0.00E+00	0	0.00E+00	0
	5.90E-01	5.93E-01	0.00E+00	0	0.00E+00	0	0.00E+00	0	0.00E+00	0	0.00E+00	0
	5.93E-01	5.95E-01	0.00E+00	0	0.00E+00	0	0.00E+00	0	0.00E+00	0	0.00E+00	0
	5.95E-01	5.98E-01	0.00E+00	0	0.00E+00	0	0.00E+00	0	0.00E+00	0	0.00E+00	0
	5.98E-01	6.00E-01	0.00E+00	0	0.00E+00	0	0.00E+00	0	0.00E+00	0	0.00E+00	0
	6.00E-01	6.03E-01	0.00E+00	0	0.00E+00	0	0.00E+00	0	0.00E+00	0	0.00E+00	0
	6.03E-01	6.05E-01	0.00E+00	0	0.00E+00	0	0.00E+00	0	0.00E+00	0	0.00E+00	0
	6.05E-01	6.08E-01	0.00E+00	0	0.00E+00	0	0.00E+00	0	0.00E+00	0	0.00E+00	0
	6.08E-01	6.10E-01	0.00E+00	0	0.00E+00	0	0.00E+00	0	0.00E+00	0	0.00E+00	0
	6.10E-01	6.13E-01	0.00E+00	0	0.00E+00	0	0.00E+00	0	0.00E+00	0	0.00E+00	0
	6.13E-01	6.15E-01	0.00E+00	0	0.00E+00	0	0.00E+00	0	0.00E+00	0	0.00E+00	0
	6.15E-01	6.18E-01	0.00E+00	0	0.00E+00	0	0.00E+00	0	0.00E+00	0	0.00E+00	0
	6.18E-01	6.20E-01	0.00E+00	0	0.00E+00	0	0.00E+00	0	0.00E+00	0	0.00E+00	0
	6.20E-01	6.23E-01	0.00E+00	0	0.00E+00	0	0.00E+00	0	0.00E+00	0	0.00E+00	0
	6.23E-01	6.25E-01	0.00E+00	0	0.00E+00	0	0.00E+00	0	0.00E+00	0	0.00E+00	0
	6.25E-01	6.28E-01	0.00E+00	0	0.00E+00	0	0.00E+00	0	0.00E+00	0	0.00E+00	0
	6.28E-01	6.30E-01	0.00E+00	0	0.00E+00	0	0.00E+00	0	0.00E+00	0	0.00E+00	0
	6.30E-01	6.33E-01	0.00E+00	0	0.00E+00	0	0.00E+00	0	0.00E+00	0	0.00E+00	0
	6.33E-01	6.35E-01	0.00E+00	0	0.00E+00	0	0.00E+00	0	0.00E+00	0	0.00E+00	0
	6.35E-01	6.38E-01	0.00E+00	0	0.00E+00	0	0.00E+00	0	0.00E+00	0	0.00E+00	0
	6.38E-01	6.40E-01	0.00E+00	0	0.00E+00	0	0.00E+00	0	0.00E+00	0	0.00E+00	0
	6.40E-01	6.43E-01	0.00E+00	0	0.00E+00	0	0.00E+00	0	0.00E+00	0	0.00E+00	0
	6.43E-01	6.45E-01	0.00E+00	0	0.00E+00	0	0.00E+00	0	0.00E+00	0	0.00E+00	0
	6.45E-01	6.48E-01	0.00E+00	0	0.00E+00	0	0.00E+00	0	0.00E+00	0	0.00E+00	0
	6.48E-01	6.50E-01	0.00E+00	0	0.00E+00	0	0.00E+00	0	0.00E+00	0	0.00E+00	0
	6.50E-01	6.53E-01	0.00E+00	0	0.00E+00	0	0.00E+00	0	0.00E+00	0	0.00E+00	0
	6.53E-01	6.55E-01	0.00E+00	0	0.00E+00	0	0.00E+00	0	0.00E+00	0	0.00E+00	0
	6.55E-01	6.58E-01	0.00E+00	0	0.00E+00	0	0.00E+00	0	0.00E+00	0	0.00E+00	0
	6.58E-01	6.60E-01	0.00E+00	0	0.00E+00	0	0.00E+00	0	0.00E+00	0	0.00E+00	0
	6.60E-01	6.63E-01	0.00E+00	0	0.00E+00	0	0.00E+00	0	0.00E+00	0	0.00E+00	0
	6.63E-01	6.65E-01	0.00E+00	0	0.00E+00	0	0.00E+00	0	0.00E+00	0	0.00E+00	0
	6.65E-01	6.68E-01	0.00E+00	0	0.00E+00	0	0.00E+00	0	0.00E+00	0	0.00E+00	0
	6.68E-01	6.70E-01	0.00E+00	0	0.00E+00	0	0.00E+00	0	0.00E+00	0	0.00E+00	0
	6.70E-01	6.73E-01	0.00E+00	0	0.00E+00	0	0.00E+00	0	0.00E+00	0	0.00E+00	0
	6.73E-01	6.75E-01	0.00E+00	0	0.00E+00	0	0.00E+00	0	0.00E+00	0	0.00E+00	0
	6.75E-01	6.78E-01	0.00E+00	0	0.00E+00	0	0.00E+00	0	0.00E+00	0	0.00E+00	0
	6.78E-01	6.80E-01	0.00E+00	0	0.00E+00	0	0.00E+00	0	0.00E+00	0	0.00E+00	0
	6.80E-01	6.83E-01	0.00E+00	0	0.00E+00	0	0.00E+00	0	0.00E+00	0	0.00E+00	0
	6.83E-01	6.85E-01	0.00E+00	0	0.00E+00	0	0.00E+00	0	0.00E+00	0	0.00E+00	0
	6.85E-01	6.88E-01	0.00E+00	0	0.00E+00	0	0.00E+00	0	0.00E+00	0	0.00E+00	0
	6.88E-01	6.90E-01	0.00E+00	0	0.00E+00	0	0.00E+00	0	0.00E+00	0	0.00E+00	0
	6.90E-01	6.93E-01	0.00E+00	0	0.00E+00	0	0.00E+00	0	0.00E+00	0	0.00E+00	0
	6.93E-01	6.95E-01	0.00E+00	0	0.00E+00	0	0.00E+00	0	0.00E+00	0	0.00E+00	0
	6.95E-01	6.98E-01	0.00E+00	0	0.00E+00	0	0.00E+00	0	0.00E+00	0	0.00E+00	0
	6.98E-01	7.00E-01	0.00E+00	0	0.00E+00	0	0.00E+00	0	0.00E+00	0	0.00E+00	0
	7.00E-01	7.03E-01	0.00E+00	0	0.00E+00	0	0.00E+00	0	0.00E+00	0	0.00E+00	0
	7.03E-01	7.05E-01	0.00E+00	0	0.00E+00	0	0.00E+00	0	0.00E+00	0	0.00E+00	0
	7.05E-01	7.08E-01	0.00E+00	0	0.00E+00	0	0.00E+00	0	0.00E+00	0	0.00E+00	0
	7.08E-01	7.10E-01	0.00E+00	0	0.00E+00	0	0.00E+00	0	0.00E+00	0	0.00E+00	0
	7.10E-01	7.13E-01	0.00E+00	0	0.00E+00	0	0.00E+00	0	0.00E+00	0	0.00E+00	0
	7.13E-01	7.15E-01	0.00E+00	0	0.00E+00	0	0.00E+00	0	0.00E+00	0	0.00E+00	0
	7.15E-01	7.18E-01	0.00E+00	0	0.00E+00	0	0.00E+00	0	0.00E+00	0	0.00E+00	0
	7.18E-01	7.20E-01	0.00E+00	0	0.00E+00	0	0.00E+00	0	0.00E+00	0	0.00E+00	0
	7.20E-01	7.23E-01	0.00E+00	0	0.00E+00	0	0.00E+00	0	0.00E+00	0	0.00E+00	0
	7.23E-01	7.25E-01	0.00E+00	0	0.00E+00	0	0.00E+00	0	0.00E+00	0	0.00E+00	0
	7.25E-01	7.28E-01	0.00E+00	0	0.00E+00	0	0.00E+00	0	0.00E+00	0	0.00E+00	0
	7.28E-01	7.30E-01	0.00E+00	0	0.00E+00	0	0.00E+00	0	0.00E+00	0	0.00E+00	0
	7.30E-01	7.33E-01	0.00E+00	0	0.00E+00	0	0.00E+00	0	0.00E+00	0	0.00E+00	0
	7.33E-01	7.35E-01	0.00E+00	0	0.00E+00	0	0.00E+00	0	0.00E+00	0	0.00E+00	0
	7.35E-01	7.38E-01	0.00E+00	0	0.00E+00	0	0.00E+00	0	0.00E+00	0	0.00E+00	0
	7.38E-01	7.40E-01	0.00E+00	0	0.00E+00	0	0.00E+00	0	0.00E+00	0	0.00E+00	0
	7.40E-01	7.43E-01	0.00E+00	0	0.00E+00	0	0.00E+00	0	0.00E+00	0	0.00E+00	0
	7.43E-01	7.45E-01	0.00E+00	0	0.00E+00	0	0.00E+00	0	0.00E+00	0	0.00E+00	0
	7.45E-01	7.48E-01	0.00E+00	0	0.00E+00	0	0.00E+00	0	0.00E+00	0	0.00E+00	0
	7.48E-01	7.50E-01	0.00E+00	0	0.00E+00	0	0.00E+00	0	0.00E+00	0	0.00E+00	0
	7.50E-01	7.53E-01	0.00E+00	0	0.00E+00	0	0.00E+00	0	0.00E+00	0	0.00E+00	0
	7.53E-01	7.55E-01	0.00E+00	0	0.00E+00	0	0.00E+00	0	0.00E+00	0	0.00E+00	0
	7.55E-01	7.58E-01	0.00E+00	0	0.00E+00	0	0.00E+00	0	0.00E+00	0	0.00E+00	0
	7.58E-01	7.60E-01	0.00E+00	0	0.00E+00	0	0.00E+00	0	0.00E+00	0	0.00E+00	0
	7.60E-01	7.63E-01	0.00E+00	0	0.00E+00	0	0.00E+00	0	0.00E+00	0	0.00E+00	0
	7.63E-01	7.65E-01	0.00E+00	0	0.00E+00	0	0.00E+00	0	0.00E+00	0	0.00E+00	0
	7.65E-01	7.68E-01	0.00E+00	0	0.00E+00	0	0.00E+00	0	0.00E+00	0	0.00E+00	0
	7.68E-01	7.70E-01	0.00E+00	0	0.00E+00	0	0.00E+00	0	0.00E+00	0	0.00E+00	0
	7.70E-01	7.73E-01	0.00E+00	0	0.00E+00	0	0.00E+00	0	0.00E+00	0	0.00E+00	0
	7.73E-01	7.75E-01	0.00E+00	0	0.00E+00	0	0.00E+00	0	0.00E+00	0	0.00E+00	0
	7.75E-01	7.78E-01	0.00E+00	0	0.00E+00	0	0.00E+00	0	0.00E+00	0	0.00E+00	0
	7.78E-01	7.80E-01	0.00E+00	0	0.00E+00	0	0.00E+00	0	0.00E+00	0	0.00E+00	0
	7.80E-01	7.83E-01	0.00E+00	0	0.00E+00	0	0.00E+00	0	0.00E+00	0	0.00E+00	0
	7.83E-01	7.85E-01	0.00E+00	0	0.00E+00	0	0.00E+00	0	0.00E+00	0	0.00E+00	0
	7.85E-01	7.88E-01	0.00E+00	0	0.00E+00	0	0.00E+00	0	0.00E+00	0	0.00E+00	0
	7.88E-01	7.90E-01	0.00E+00	0	0.00E+00	0	0.00E+00	0	0.00E+00	0	0.00E+00	0
	7.90E-01	7.93E-01	0.00E+00	0	0.00E+00	0	0.00E+00	0	0.00E+00	0	0.00E+00	0
	7.93E-01	7.95E-01	0.00E+00	0	0.00E+00	0	0.00E+00	0	0.00E+00	0	0.00E+00	0
	7.95E-01	7.98E-01	0.00E+00	0	0.00E+00	0	0.00E+00	0	0.00E+00	0	0.00E+00	0
	7.98E-01	8.00E-01	0.00E+00	0	0.00E+00	0	0.00E+00	0	0.00E+00	0	0.00E+00	0
	8.00E-01	8.03E-01	0.00E+00	0	0.00E+00	0	0.00E+00	0	0.00E+00	0	0.00E+00	0
	8.03E-01	8.05E-01	0.00E+00	0	0.00E+00	0	0.00E+00	0	0.00E+00	0	0.00E+00	0
	8.05E-01	8.08E-01	0.00E+00	0	0.00E+00	0	0.00E+00	0	0.00E+00	0	0.00E+00	0
	8.08E-01	8.10E-01	0.00E+00	0	0.00E+00	0	0.00E+00	0	0.00E+00	0	0.00E+00	0
	8.10E-01	8.13E-01	0.00E+00	0	0.00E+00	0	0.00E+00	0	0.00E+00	0	0.00E+00	0
	8.13E-01	8.15E-01	0.00E+00	0	0.00E+00	0	0.00E+00	0	0.00E+00	0	0.00E+00	0
	8.15E-01	8.18E-01	0.00E+00	0	0.00E+00	0	0.00E+00	0	0.00E+00	0	0.00E+00	0
	8.18E-01	8.20E-01	0.00E+00	0	0.00E+00	0	0.00E+00	0	0.00E+00	0	0.00E+00	0
	8.20E-01	8.23E-01	0.00E+00	0	0.00E+00	0	0.00E+00	0	0.00E+00	0	0.00E+00	0
	8.23E-01	8.25E-01	0.00E+00	0	0.00E+00	0	0.00E+00	0	0.00E+00	0	0.00E+00	0
	8.25E-01	8.28E-01	0.00E+00	0	0.00E+00	0	0.00E+00	0	0.00E+00	0	0.00E+00	0
	8.28E-01	8.30E-01	0.00E+00	0	0.00E+00	0	0.00E+00	0	0.00E+00	0	0.00E+00	0
	8.30E-01	8.33E-01	0.00E+00	0	0.00E+00	0	0.00E+00	0	0.00E+00	0	0.00E+00	0
	8.33E-01	8.35E-01	0.00E+00	0	0.00E+00	0	0.00E+00	0	0.00E+00	0	0.00E+00	0
	8.35E-01	8.38E-01	0.00E+00	0	0.00E+00	0	0.00E+00	0	0.00E+00	0	0.00E+00	0
	8.38E-01	8.40E-01	0.00E+00	0	0.00E+00	0	0.00E+00	0	0.00E+00	0	0.00E+00	0
	8.40E-01	8.43E-01	0.00E+00	0	0.00E+00	0	0.00E+00	0	0.00E+00	0	0.00E+00	0
	8.43E-01	8.45E-01	0.00E+00	0	0.00E+00	0	0.00E+00	0	0.00E+00	0	0.00E+00	0
	8.45E-01	8.48E-01	0.00E+00	0	0.00E+00	0	0.00E+00	0	0.00E+00	0	0.00E+00	0
	8.48E-01	8.50E-01	0.00E+00	0	0.00E+00	0	0.00E+00	0	0.00E+00	0	0.00E+00	0
	8.50E-01	8.53E-01	0.00E+00	0	0.00E+00	0	0.00E+00	0	0.00E+00	0	0.00E+00	0
	8.53E-01	8.55E-01	0.00E+00	0	0.00E+00	0	0.00E+00	0	0.00E+00	0	0.00E+00	0
	8.55E-01	8.58E-01	0.00E+00	0	0.00E+00	0	0.00E+00	0	0.00E+00	0	0.00E+00	0
	8.58E-01	8.60E-01	0.00E+00	0	0.00E+00	0	0.00E+00	0	0.00E+00	0	0.00E+00	0
	8.60E-01	8.63E-01	0.00E+00	0	0.00E+00	0	0.00E+00	0	0.00E+00	0	0.00E+00	0
	8.63E-01	8.65E-01	0.00E+00	0	0.00E+00	0	0.00E+00	0	0.00E+00	0	0.00E+00	0
	8.65E-01	8.68E-01	0.00E+00	0	0.00E+00	0	0.00E+00	0	0.00E+00	0	0.00E+00	0
	8.68E-01	8.70E-01	0.00E+00	0	0.00E+00	0	0.00E+00	0	0.00E+00	0	0.00E+00	0
	8.70E-01	8.73E-01	0.00E+00	0	0.00E+00	0	0.00E+00	0	0.00E+00	0	0.00E+00	0
	8.73E-01	8.75E-01	0.00E+00	0	0.00E+00	0	0.00E+00	0	0.00E+00	0	0.00E+00	0
	8.75E-01	8.78E-01	0.00E+00	0	0.00E+00	0	0.00E+00	0	0.00E+00	0	0.00E+00	0
	8.78E-01	8.80E-01	0.00E+00	0	0.00E+00	0	0.00E+00	0	0.00E+00	0	0.00E+00	0
	8.80E-01	8.83E-01	0.00E+00	0	0.00E+00	0	0.00E+00	0	0.00E+00	0	0.00E+00	0
	8.83E-01	8.85E-01	0.00E+00	0	0.00E+00	0	0.00E+00	0	0.00E+00	0	0.00E+00	0
	8.85E-01	8.88E-01	0.00E+00	0	0.00E+00	0	0.00E+00	0	0.00E+00	0	0.00E+00	0
	8.88E-01	8.90E-01	0.00E+00	0	0.00E+00	0	0.00E+00	0	0.00E+00	0	0.00E+00	0
	8.90E-01	8.93E-01	0.00E+00	0	0.00E+00	0	0.00E+00	0	0.00E+00	0	0.00E+00	0
	8.93E-01	8.95E-01	0.00E+00	0	0.00E+00	0	0.00E+00	0	0.00E+00	0	0.00E+00	0
	8.95E-01	8.98E-01	0.00E+00	0	0.00E+00	0	0.00E+00	0	0.00E+00	0	0.00E+00	0
	8.98E-01	9.00E-01	0.00E+00	0	0.00E+00	0	0.00E+00	0	0.00E+00	0	0.00E+00	0
	9.00E-01	9.03E-01	0.00E+00	0	0.00E+00	0	0.00E+00	0	0.00E+00	0	0.00E+00	0
	9.03E-01	9.05E-01	0.00E+00	0	0.00E+00	0	0.00E+00	0	0.00E+00	0	0.00E+00	0
	9.05E-01	9.08E-01	0.00E+00	0	0.00E+00	0	0.00E+00	0	0.00E+00	0	0.00E+00	0
	9.08E-01	9.10E-01	0.00E+00	0	0.00E+00	0	0.00E+00	0	0.00E+00	0	0.00E+00	0
	9.10E-01	9.13E-01	0.00E+00	0	0.00E+00	0	0.00E+00	0	0.00E+00	0	0.00E+00	0
	9.13E-01	9.15E-01	0.00E+00	0	0.00E+00	0	0.00E+00	0	0.00E+00	0	0.00E+00	0
	9.15E-01	9.18E-01	0.00E+00	0	0.00E+00	0	0.00E+00	0	0.00E+00	0	0.00E+00	0
	9.18E-01	9.20E-01	0.00E+00	0	0.00E+00	0	0.00E+00	0	0.00E+00	0	0.00E+00	0
	9.20E-01	9.23E-01	0.00E+00	0	0.00E+00	0	0.00E+00	0	0.00E+00	0	0.00E+00	0
	9.23E-01	9.25E-01	0.00E+00	0	0.00E+00	0	0.00E+00	0	0.00E+00	0	0.00E+00	0
	9.25E-01	9.28E-01	0.00E+00	0	0.00E+00	0	0.00E+00	0	0.00E+00	0	0.00E+00	0
	9.28E-01	9.30E-01	0.00E+00	0	0.00E+00	0	0.00E+00	0	0.00E+00	0	0.00E+00	0
	9.30E-01	9.33E-01	0.00E+00	0	0.00E+00	0	0.00E+00	0	0.00E+00	0	0.00E+00	0
	9.33E-01	9.35E-01	0.00E+00	0	0.00E+00	0	0.00E+00	0	0.00E+00	0	0.00E+00	0
	9.35E-01	9.38E-01	0.00E+00	0	0.00E+00	0	0.00E+00	0	0.00E+00	0	0.00E+00	0
	9.38E-01	9.40E-01	0.00E+00	0	0.00E+00	0	0.00E+00	0	0.00E+00	0	0.00E+00	0
	9.40E-01	9.43E-01	0.00E+00	0	0.00E+00	0	0.00E+00	0	0.00E+00	0	0.00E+00	0
	9.43E-01	9.45E-01	0.00E+00	0	0.00E+00	0	0.00E+00	0	0.00E+00	0	0.00E+00	0
	9.45E-01	9.48E-01	0.00E+00	0	0.00E+00	0	0.00E+00	0	0.00E+00	0	0.00E+00	0
	9.48E-01	9.50E-01	0.00E+00	0	0.00E+00	0	0.00E+00	0	0.00E+00	0	0.00E+00	0
	9.50E-01	9.53E-01	0.00E+00	0	0.00E+00	0	0.00E+00	0	0.00E+00	0	0.00E+00	0
	9.53E-01	9.55E-01	0.00E+00	0	0.00E+00	0	0.00E+00	0	0.00E+00	0	0.00E+00	0
	9.55E-01	9.58E-01	0.00E+00	0	0.00E+00	0	0.00E+00	0	0.00E+00	0	0.00E+00	0
	9.58E-01	9.60E-01	0.00E+00	0	0.00E+00	0	0.00E+00	0	0.00E+00	0	0.00E+00	0
	9.60E-01	9.63E-01	0.00E+00	0	0.00E+00	0	0.00E+00	0	0.00E+00	0	0.00E+00	0
	9.63E-01	9.65E-01	0.00E+00	0	0.00E+00	0	0.00E+00	0	0.00E+00	0	0.00E+00	0
	9.65E-01	9.68E-01	0.00E+00	0	0.00E+00	0	0.00E+00	0	0.00E+00	0	0.00E+00	0
	9.68E-01	9.70E-01	0.00E+00	0	0.00E+00	0	0.00E+00	0	0.00E+00	0	0.00E+00	0
	9.70E-01	9.73E-01	0.00E+00	0	0.00E+00	0	0.00E+00	0	0.00E+00	0	0.00E+00	0
	9.73E-01	9.75E-01	0.00E+00	0	0.00E+00	0	0.00E+00	0	0.00E+00	0	0.00E+00	0
	9.75E-01	9.78E-01	0.00E+00	0	0.00E+00	0	0.00E+00	0	0.00E+00	0	0.00E+00	0
	9.78E-01	9.80E-01	0.00E+00	0	0.00E+00	0	0.00E+00	0	0.00E+00	0	0.00E+00	0
	9.80E-01	9.83E-01	0.00E+00	0	0.00E+00	0	0.00E+00	0	0.00E+00	0	0.00E+00	0
	9.83E-01	9.85E-01	0.00E+00	0	0.00E+00	0	0.00E+00	0	0.00E+00	0	0.00E+00	0
	9.85E-01	9.88E-01	0.00E+00	0	0.00E+00	0	0.00E+00	0	0.00E+00	0	0.00E+00	0
	9.88E-01	9.90E-01	0.00E+00	0	0.00E+00	0	0.00E+00	0	0.00E+00	0	0.00E+00	0
	9.90E-01	9.93E-01	0.00E+00	0	0.00E+00	0	0.00E+00	0	0.00E+00	0	0.00E+00	0
	9.93E-01	9.95E-01	0.00E+00	0	0.00E+00	0	0.00E+00	0	0.00E+00	0	0.00E+00	0
	9.95E-01	9.98E-01	0.00E+00	0	0.00E+00	0	0.00E+00	0	0.00E+00	0	0.00E+00	0
	9.98E-01	1.00E+00	0.00E+00	0	0.00E+00	0	0.00E+00	0	0.00E+00	0	0.00E+00	0
	1.00E+00		0.00E+00	0	0.00E+00	0	0.00E+00	0	0.00E+00	0	0.00E+00	0
