                                                 5.080000e+5 2.205200e-1
 5.090000e+5 2.194300e-1 5.100000e+5 2.193400e-1 5.110000e+5 2.165000e-1
 5.120000e+5 2.018900e-1 5.130000e+5 1.935700e-1 5.140000e+5 1.923800e-1
 5.150000e+5 2.008700e-1 5.160000e+5 2.426100e-1 5.170000e+5 7.434400e-2
 5.180000e+5 4.283700e-3 5.190000e+5 1.500100e-1 5.200000e+5 1.230200e-1
 5.210000e+5 1.560800e-1 5.220000e+5 1.751500e-1 5.230000e+5 1.778200e-1
 5.240000e+5 1.734200e-1 5.250000e+5 1.675700e-1 5.260000e+5 1.678400e-1
 5.270000e+5 1.804700e-1 5.280000e+5 1.898300e-1 5.290000e+5 1.957000e-1
 5.300000e+5 2.191500e-1 5.310000e+5 2.756600e-1 5.320000e+5 2.848900e-1
 5.330000e+5 3.926100e-1 5.340000e+5 7.000000e-1 5.350000e+5 2.032700e-1
 5.360000e+5 1.700100e-1 5.370000e+5 1.712400e-1 5.380000e+5 1.955300e-1
 5.390000e+5 1.400000e-1 5.400000e+5 1.456500e-1 5.410000e+5 1.421200e-1
 5.420000e+5 1.347800e-1 5.430000e+5 1.231700e-1 5.440000e+5 1.114500e-1
 5.450000e+5 1.011900e-1 5.460000e+5 9.164100e-2 5.470000e+5 7.720500e-2
 5.480000e+5 6.700700e-2 5.490000e+5 5.225900e-2 5.500000e+5 3.239600e-2
 5.510000e+5 1.510200e-2 5.520000e+5 8.951600e-2 5.530000e+5 1.079500e-1
 5.540000e+5 1.000000e-1 5.550000e+5 3.000000e-1 5.560000e+5 2.948900e-1
 5.570000e+5 2.211500e-1 5.580000e+5 1.726600e-1 5.590000e+5 1.304900e-1
 5.600000e+5 8.769600e-2 5.610000e+5 9.091700e-2 5.620000e+5 1.000000e-2
 5.630000e+5 1.780200e-2 5.640000e+5 8.181100e-2 5.650000e+5 1.484700e-1
