G4NDL
ENDF/B-VII.1
             0
             0
          2055
  3.990990e+04  0.000000e+00  4.000000e+04  2.572894e-03  4.015625e+04  7.022113e-03
  4.031250e+04  1.145282e-02  4.062500e+04  2.026498e-02  4.093750e+04  2.900863e-02
  4.125000e+04  3.768593e-02  4.187500e+04  5.484506e-02  4.250000e+04  7.175031e-02
  4.312500e+04  8.840829e-02  4.375000e+04  1.048261e-01  4.500000e+04  1.369722e-01
  4.625000e+04  1.682358e-01  4.750000e+04  1.986662e-01  4.875000e+04  2.283060e-01
  5.000000e+04  2.571952e-01  5.250000e+04  2.728238e-01  5.500000e+04  2.877251e-01
  5.750000e+04  3.019642e-01  6.000000e+04  3.155967e-01  6.250000e+04  3.286738e-01
  6.500000e+04  3.412367e-01  6.750000e+04  3.533253e-01  7.000000e+04  3.649756e-01
  7.500000e+04  3.870754e-01  8.000000e+04  4.077478e-01  8.499998e+04  4.199439e-01
  8.999995e+04  4.314420e-01  9.499993e+04  4.423187e-01  9.999990e+04  4.526373e-01
  1.000001e+05  4.526374e-01  1.062501e+05  4.610538e-01  1.125001e+05  4.689886e-01
  1.187501e+05  4.764939e-01  1.250001e+05  4.836143e-01  1.375001e+05  4.968454e-01
  1.500000e+05  5.089250e-01  1.625000e+05  5.160916e-01  1.750000e+05  5.227280e-01
  1.875000e+05  5.289057e-01  2.000000e+05  5.346839e-01  2.189735e+05  5.409219e-01
  2.379470e+05  5.466398e-01  2.379475e+05  5.466399e-01  2.387008e+05  5.468465e-01
  2.394541e+05  5.470523e-01  2.409607e+05  5.474609e-01  2.424673e+05  5.478672e-01
  2.439738e+05  5.482721e-01  2.469869e+05  5.490723e-01  2.500000e+05  5.498642e-01
  2.507813e+05  5.500564e-01  2.515625e+05  5.502478e-01  2.531250e+05  5.506295e-01
  2.562500e+05  5.513867e-01  2.593750e+05  5.521342e-01  2.625000e+05  5.528725e-01
  2.656250e+05  5.536031e-01  2.687500e+05  5.543233e-01  2.750000e+05  5.557421e-01
  2.812500e+05  5.571277e-01  2.875000e+05  5.584831e-01  2.937500e+05  5.598092e-01
  3.000000e+05  5.611081e-01  3.051725e+05  5.621737e-01  3.103450e+05  5.632216e-01
  3.206900e+05  5.652649e-01  3.215718e+05  5.708309e-01  3.224535e+05  5.763813e-01
  3.242170e+05  5.874363e-01  3.242174e+05  5.874365e-01  3.249245e+05  5.891663e-01
  3.256315e+05  5.908922e-01  3.270455e+05  5.943338e-01  3.298735e+05  6.011729e-01
  3.327017e+05  6.079520e-01  3.355299e+05  6.146750e-01  3.411864e+05  6.279538e-01
  3.468428e+05  6.410130e-01  3.524993e+05  6.538608e-01  3.581557e+05  6.665049e-01
  3.638121e+05  6.789500e-01  3.694685e+05  6.912027e-01  3.807814e+05  7.151570e-01
  3.920943e+05  7.384090e-01  4.034072e+05  7.610008e-01  4.147200e+05  7.829670e-01
  4.160525e+05  7.854828e-01  4.173850e+05  7.879907e-01  4.200500e+05  7.929828e-01
  4.227150e+05  7.979430e-01  4.253800e+05  8.028730e-01  4.307100e+05  8.126388e-01
  4.360400e+05  8.222859e-01  4.413700e+05  8.318148e-01  4.467000e+05  8.412299e-01
  4.573600e+05  8.597276e-01  4.680200e+05  8.777990e-01  4.786800e+05  8.954633e-01
  4.893400e+05  9.127386e-01  5.000000e+05  9.296407e-01  5.113795e+05  9.409738e-01
  5.227590e+05  9.520557e-01  5.244597e+05  9.540607e-01  5.261604e+05  9.560587e-01
  5.295618e+05  9.600345e-01  5.329632e+05  9.639860e-01  5.363645e+05  9.679118e-01
  5.431673e+05  9.756885e-01  5.499700e+05  9.833701e-01  5.567728e+05  9.909559e-01
  5.635755e+05  9.984502e-01  5.703783e+05  1.005855e+00  5.771810e+05  1.013170e+00
  5.791715e+05  1.016339e+00  5.811620e+05  1.019494e+00  5.851430e+05  1.025775e+00
  5.891240e+05  1.032012e+00  5.931050e+05  1.038208e+00  5.953727e+05  1.041766e+00
  5.976403e+05  1.045312e+00  6.021755e+05  1.052362e+00  6.067108e+05  1.059359e+00
  6.112460e+05  1.066303e+00  6.203165e+05  1.080040e+00  6.293870e+05  1.093577e+00
  6.306752e+05  1.095532e+00  6.319633e+05  1.097483e+00  6.345395e+05  1.101372e+00
  6.396920e+05  1.109106e+00  6.448445e+05  1.116776e+00  6.499970e+05  1.124385e+00
  6.603020e+05  1.139423e+00  6.706070e+05  1.154230e+00  6.724441e+05  1.156703e+00
  6.742812e+05  1.159167e+00  6.779553e+05  1.164078e+00  6.853035e+05  1.173818e+00
  6.926518e+05  1.183454e+00  7.000000e+05  1.192989e+00  7.096418e+05  1.202385e+00
  7.192835e+05  1.211655e+00  7.289253e+05  1.220799e+00  7.385670e+05  1.229825e+00
  7.482088e+05  1.238734e+00  7.578505e+05  1.247528e+00  7.674923e+05  1.256211e+00
  7.771340e+05  1.264785e+00  7.799923e+05  1.267039e+00  7.828505e+05  1.269284e+00
  7.885670e+05  1.273750e+00  7.942835e+05  1.278183e+00  8.000000e+05  1.282585e+00
  8.071585e+05  1.287848e+00  8.143170e+05  1.293066e+00  8.214755e+05  1.298237e+00
  8.286340e+05  1.303362e+00  8.296410e+05  1.304116e+00  8.324630e+05  1.306062e+00
  8.352849e+05  1.308002e+00  8.409288e+05  1.311861e+00  8.465727e+05  1.315695e+00
  8.522165e+05  1.319502e+00  8.635043e+05  1.327043e+00  8.747920e+05  1.334487e+00
  8.779430e+05  1.336912e+00  8.810940e+05  1.339329e+00  8.873960e+05  1.344135e+00
  8.936980e+05  1.348907e+00  9.000000e+05  1.353647e+00  9.113760e+05  1.361233e+00
  9.140027e+05  1.363376e+00  9.166293e+05  1.365513e+00  9.218825e+05  1.369769e+00
  9.323890e+05  1.378208e+00  9.428955e+05  1.386553e+00  9.534020e+05  1.394805e+00
  9.559090e+05  1.396913e+00  9.584160e+05  1.399015e+00  9.634300e+05  1.403204e+00
  9.734580e+05  1.411516e+00  9.834860e+05  1.419743e+00  9.935140e+05  1.427886e+00
  9.967570e+05  1.430255e+00  1.000000e+06  1.432616e+00  1.003907e+06  1.435437e+00
  1.007813e+06  1.438247e+00  1.015625e+06  1.443834e+00  1.023438e+06  1.449380e+00
  1.031250e+06  1.454882e+00  1.039063e+06  1.460345e+00  1.046875e+06  1.465765e+00
  1.054688e+06  1.471145e+00  1.062500e+06  1.476485e+00  1.070313e+06  1.481786e+00
  1.078125e+06  1.487048e+00  1.085938e+06  1.492273e+00  1.093750e+06  1.497460e+00
  1.101563e+06  1.502611e+00  1.109375e+06  1.507724e+00  1.117188e+06  1.512802e+00
  1.125000e+06  1.517845e+00  1.132813e+06  1.522853e+00  1.140625e+06  1.527826e+00
  1.148438e+06  1.532765e+00  1.156250e+06  1.537670e+00  1.164063e+06  1.542544e+00
  1.171875e+06  1.547384e+00  1.179688e+06  1.552192e+00  1.187500e+06  1.556968e+00
  1.195313e+06  1.561714e+00  1.203125e+06  1.566428e+00  1.210938e+06  1.571111e+00
  1.218750e+06  1.575764e+00  1.226563e+06  1.580388e+00  1.234375e+06  1.584983e+00
  1.242188e+06  1.589549e+00  1.250000e+06  1.594085e+00  1.257813e+06  1.598238e+00
  1.265625e+06  1.602364e+00  1.273438e+06  1.606466e+00  1.281250e+06  1.610541e+00
  1.289063e+06  1.614594e+00  1.296875e+06  1.618621e+00  1.304688e+06  1.622624e+00
  1.312500e+06  1.626602e+00  1.320313e+06  1.630558e+00  1.328125e+06  1.634490e+00
  1.335938e+06  1.638399e+00  1.343750e+06  1.642285e+00  1.351563e+06  1.646148e+00
  1.359375e+06  1.649989e+00  1.367188e+06  1.653809e+00  1.375000e+06  1.657607e+00
  1.382813e+06  1.661382e+00  1.390625e+06  1.665138e+00  1.398438e+06  1.668871e+00
  1.406250e+06  1.672584e+00  1.414063e+06  1.676277e+00  1.421875e+06  1.679949e+00
  1.429688e+06  1.683601e+00  1.437500e+06  1.687232e+00  1.445313e+06  1.690845e+00
  1.453125e+06  1.694438e+00  1.460938e+06  1.698011e+00  1.468750e+06  1.701565e+00
  1.476563e+06  1.705102e+00  1.484375e+06  1.708619e+00  1.492188e+06  1.712117e+00
  1.500000e+06  1.715598e+00  1.507813e+06  1.718638e+00  1.515625e+06  1.721661e+00
  1.523438e+06  1.724671e+00  1.531250e+06  1.727664e+00  1.539063e+06  1.730642e+00
  1.546875e+06  1.733605e+00  1.554688e+06  1.736554e+00  1.562500e+06  1.739487e+00
  1.570313e+06  1.742406e+00  1.578125e+06  1.745309e+00  1.585938e+06  1.748199e+00
  1.593750e+06  1.751075e+00  1.601563e+06  1.753936e+00  1.609375e+06  1.756784e+00
  1.617188e+06  1.759619e+00  1.625000e+06  1.762438e+00  1.632813e+06  1.765245e+00
  1.640625e+06  1.768038e+00  1.648438e+06  1.770819e+00  1.656250e+06  1.773585e+00
  1.664063e+06  1.776339e+00  1.671875e+06  1.779080e+00  1.679688e+06  1.781808e+00
  1.687500e+06  1.784524e+00  1.695313e+06  1.787227e+00  1.703125e+06  1.789917e+00
  1.710938e+06  1.792596e+00  1.718750e+06  1.795262e+00  1.726563e+06  1.797916e+00
  1.734375e+06  1.800558e+00  1.742188e+06  1.803188e+00  1.750000e+06  1.805807e+00
  1.757813e+06  1.808182e+00  1.765625e+06  1.810547e+00  1.773438e+06  1.812900e+00
  1.781250e+06  1.815245e+00  1.789063e+06  1.817578e+00  1.796875e+06  1.819901e+00
  1.804688e+06  1.822215e+00  1.812500e+06  1.824519e+00  1.820313e+06  1.826812e+00
  1.828125e+06  1.829095e+00  1.835938e+06  1.831370e+00  1.843750e+06  1.833634e+00
  1.851563e+06  1.835889e+00  1.859375e+06  1.838134e+00  1.867188e+06  1.840370e+00
  1.875000e+06  1.842596e+00  1.882813e+06  1.844814e+00  1.890625e+06  1.847021e+00
  1.898438e+06  1.849220e+00  1.906250e+06  1.851410e+00  1.914063e+06  1.853592e+00
  1.921875e+06  1.855764e+00  1.929688e+06  1.857927e+00  1.937500e+06  1.860081e+00
  1.945313e+06  1.862227e+00  1.953125e+06  1.864364e+00  1.960938e+06  1.866493e+00
  1.968750e+06  1.868613e+00  1.976563e+06  1.870725e+00  1.984375e+06  1.872828e+00
  1.992188e+06  1.874924e+00  2.000000e+06  1.877011e+00  2.007303e+06  1.878749e+00
  2.014605e+06  1.880482e+00  2.021908e+06  1.882207e+00  2.029210e+06  1.883926e+00
  2.036513e+06  1.885640e+00  2.043815e+06  1.887347e+00  2.051118e+06  1.889048e+00
  2.058420e+06  1.890744e+00  2.065723e+06  1.892432e+00  2.073025e+06  1.894115e+00
  2.080328e+06  1.895793e+00  2.087630e+06  1.897464e+00  2.094933e+06  1.899129e+00
  2.102235e+06  1.900789e+00  2.109538e+06  1.902443e+00  2.116840e+06  1.904091e+00
  2.123740e+06  1.905643e+00  2.130640e+06  1.907190e+00  2.137540e+06  1.908731e+00
  2.144439e+06  1.910268e+00  2.151339e+06  1.911801e+00  2.158239e+06  1.913328e+00
  2.165139e+06  1.914851e+00  2.172038e+06  1.916368e+00  2.178938e+06  1.917881e+00
  2.185838e+06  1.919389e+00  2.192738e+06  1.920892e+00  2.199637e+06  1.922390e+00
  2.206537e+06  1.923884e+00  2.213436e+06  1.925373e+00  2.220336e+06  1.926858e+00
  2.227235e+06  1.928337e+00  2.234135e+06  1.929813e+00  2.241035e+06  1.931284e+00
  2.247935e+06  1.932750e+00  2.254834e+06  1.934211e+00  2.261734e+06  1.935668e+00
  2.268634e+06  1.937122e+00  2.275534e+06  1.938569e+00  2.282433e+06  1.940013e+00
  2.289333e+06  1.941453e+00  2.296233e+06  1.942888e+00  2.303133e+06  1.944320e+00
  2.310032e+06  1.945746e+00  2.316932e+06  1.947169e+00  2.323831e+06  1.948588e+00
  2.330731e+06  1.950000e+00  2.337630e+06  1.951411e+00  2.344530e+06  1.952816e+00
  2.351430e+06  1.954217e+00  2.358330e+06  1.955615e+00  2.365229e+06  1.957009e+00
  2.372129e+06  1.958398e+00  2.379029e+06  1.959784e+00  2.385929e+06  1.961165e+00
  2.392828e+06  1.962542e+00  2.399728e+06  1.963916e+00  2.406628e+06  1.965285e+00
  2.413528e+06  1.966651e+00  2.420427e+06  1.968012e+00  2.427327e+06  1.969370e+00
  2.434226e+06  1.970723e+00  2.441126e+06  1.972073e+00  2.448025e+06  1.973419e+00
  2.454925e+06  1.974762e+00  2.461825e+06  1.976101e+00  2.468725e+06  1.977435e+00
  2.475624e+06  1.978766e+00  2.482524e+06  1.980095e+00  2.489424e+06  1.981417e+00
  2.496324e+06  1.982738e+00  2.503223e+06  1.984054e+00  2.510123e+06  1.985368e+00
  2.517023e+06  1.986676e+00  2.523923e+06  1.987983e+00  2.530822e+06  1.989284e+00
  2.537722e+06  1.990583e+00  2.544621e+06  1.991878e+00  2.551521e+06  1.993169e+00
  2.558420e+06  1.994456e+00  2.565320e+06  1.995741e+00  2.572220e+06  1.997022e+00
  2.579120e+06  1.998300e+00  2.586019e+06  1.999575e+00  2.592919e+06  2.000846e+00
  2.599819e+06  2.002113e+00  2.606719e+06  2.003377e+00  2.613618e+06  2.004638e+00
  2.620518e+06  2.005896e+00  2.627418e+06  2.007150e+00  2.634318e+06  2.008400e+00
  2.641217e+06  2.009648e+00  2.648117e+06  2.010892e+00  2.655016e+06  2.012133e+00
  2.661916e+06  2.013372e+00  2.668815e+06  2.014606e+00  2.675715e+06  2.015836e+00
  2.682615e+06  2.017065e+00  2.689515e+06  2.018291e+00  2.696414e+06  2.019513e+00
  2.703314e+06  2.020732e+00  2.710214e+06  2.021947e+00  2.717114e+06  2.023161e+00
  2.724013e+06  2.024369e+00  2.730913e+06  2.025578e+00  2.737813e+06  2.026780e+00
  2.744713e+06  2.027981e+00  2.751612e+06  2.029178e+00  2.758512e+06  2.030373e+00
  2.765411e+06  2.031564e+00  2.772311e+06  2.032753e+00  2.779210e+06  2.033938e+00
  2.786110e+06  2.035121e+00  2.793010e+06  2.036301e+00  2.799910e+06  2.037477e+00
  2.806809e+06  2.038651e+00  2.813709e+06  2.039823e+00  2.820609e+06  2.040991e+00
  2.827509e+06  2.042156e+00  2.834408e+06  2.043319e+00  2.841308e+06  2.044478e+00
  2.848208e+06  2.045635e+00  2.855108e+06  2.046790e+00  2.862007e+06  2.047940e+00
  2.868907e+06  2.049088e+00  2.875806e+06  2.050236e+00  2.882706e+06  2.051378e+00
  2.889605e+06  2.052518e+00  2.896505e+06  2.053655e+00  2.903405e+06  2.054791e+00
  2.910305e+06  2.055923e+00  2.917204e+06  2.057052e+00  2.924104e+06  2.058179e+00
  2.931004e+06  2.059303e+00  2.937904e+06  2.060424e+00  2.944803e+06  2.061543e+00
  2.951703e+06  2.062660e+00  2.958603e+06  2.063772e+00  2.965503e+06  2.064883e+00
  2.972402e+06  2.065992e+00  2.979302e+06  2.067099e+00  2.986201e+06  2.068201e+00
  2.993101e+06  2.069303e+00  3.000000e+06  2.070400e+00  3.007813e+06  2.070215e+00
  3.015625e+06  2.070030e+00  3.023438e+06  2.069847e+00  3.031250e+06  2.069663e+00
  3.039063e+06  2.069481e+00  3.046875e+06  2.069297e+00  3.054688e+06  2.069115e+00
  3.062500e+06  2.068933e+00  3.070313e+06  2.068751e+00  3.078125e+06  2.068571e+00
  3.085938e+06  2.068391e+00  3.093750e+06  2.068210e+00  3.101563e+06  2.068031e+00
  3.109375e+06  2.067852e+00  3.117188e+06  2.067674e+00  3.125000e+06  2.067496e+00
  3.132813e+06  2.067318e+00  3.140625e+06  2.067141e+00  3.148438e+06  2.066965e+00
  3.156250e+06  2.066787e+00  3.164063e+06  2.066612e+00  3.171875e+06  2.066437e+00
  3.179688e+06  2.066262e+00  3.187500e+06  2.066087e+00  3.195313e+06  2.065913e+00
  3.203125e+06  2.065738e+00  3.210938e+06  2.065566e+00  3.218750e+06  2.065392e+00
  3.226563e+06  2.065220e+00  3.234375e+06  2.065048e+00  3.242188e+06  2.064876e+00
  3.250000e+06  2.064706e+00  3.257813e+06  2.064535e+00  3.265625e+06  2.064363e+00
  3.273438e+06  2.064194e+00  3.281250e+06  2.064024e+00  3.289063e+06  2.063856e+00
  3.296875e+06  2.063687e+00  3.304688e+06  2.063518e+00  3.312500e+06  2.063350e+00
  3.320313e+06  2.063182e+00  3.328125e+06  2.063016e+00  3.335938e+06  2.062848e+00
  3.343750e+06  2.062682e+00  3.351563e+06  2.062515e+00  3.359375e+06  2.062350e+00
  3.367188e+06  2.062185e+00  3.375000e+06  2.062021e+00  3.382813e+06  2.061855e+00
  3.390625e+06  2.061692e+00  3.398438e+06  2.061528e+00  3.406250e+06  2.061364e+00
  3.414063e+06  2.061202e+00  3.421875e+06  2.061039e+00  3.429688e+06  2.060877e+00
  3.437500e+06  2.060715e+00  3.445313e+06  2.060554e+00  3.453125e+06  2.060393e+00
  3.460938e+06  2.060230e+00  3.468750e+06  2.060071e+00  3.476563e+06  2.059911e+00
  3.484375e+06  2.059751e+00  3.492188e+06  2.059592e+00  3.500000e+06  2.059432e+00
  3.507813e+06  2.059274e+00  3.515625e+06  2.059116e+00  3.523438e+06  2.058958e+00
  3.531250e+06  2.058800e+00  3.539063e+06  2.058643e+00  3.546875e+06  2.058486e+00
  3.554688e+06  2.058329e+00  3.562500e+06  2.058173e+00  3.570313e+06  2.058018e+00
  3.578125e+06  2.057863e+00  3.585938e+06  2.057707e+00  3.593750e+06  2.057552e+00
  3.601563e+06  2.057398e+00  3.609375e+06  2.057243e+00  3.617188e+06  2.057089e+00
  3.625000e+06  2.056937e+00  3.632813e+06  2.056783e+00  3.640625e+06  2.056631e+00
  3.648438e+06  2.056478e+00  3.656250e+06  2.056326e+00  3.664063e+06  2.056174e+00
  3.671875e+06  2.056022e+00  3.679688e+06  2.055872e+00  3.687500e+06  2.055720e+00
  3.695313e+06  2.055569e+00  3.703125e+06  2.055420e+00  3.710938e+06  2.055270e+00
  3.718750e+06  2.055120e+00  3.726563e+06  2.054971e+00  3.734375e+06  2.054822e+00
  3.742188e+06  2.054673e+00  3.750000e+06  2.054524e+00  3.757813e+06  2.054377e+00
  3.765625e+06  2.054229e+00  3.773438e+06  2.054081e+00  3.781250e+06  2.053935e+00
  3.789063e+06  2.053787e+00  3.796875e+06  2.053641e+00  3.804688e+06  2.053495e+00
  3.812500e+06  2.053349e+00  3.820313e+06  2.053204e+00  3.828125e+06  2.053058e+00
  3.835938e+06  2.052913e+00  3.843750e+06  2.052768e+00  3.851563e+06  2.052623e+00
  3.859375e+06  2.052480e+00  3.867188e+06  2.052336e+00  3.875000e+06  2.052192e+00
  3.882813e+06  2.052049e+00  3.890625e+06  2.051906e+00  3.898438e+06  2.051764e+00
  3.906250e+06  2.051621e+00  3.914063e+06  2.051479e+00  3.921875e+06  2.051337e+00
  3.929688e+06  2.051196e+00  3.937500e+06  2.051056e+00  3.945313e+06  2.050914e+00
  3.953125e+06  2.050774e+00  3.960938e+06  2.050633e+00  3.968750e+06  2.050492e+00
  3.976563e+06  2.050353e+00  3.984375e+06  2.050213e+00  3.992188e+06  2.050074e+00
  4.000000e+06  2.049934e+00  4.015625e+06  2.048049e+00  4.031250e+06  2.046172e+00
  4.046875e+06  2.044302e+00  4.062500e+06  2.042438e+00  4.078125e+06  2.040582e+00
  4.093750e+06  2.038733e+00  4.109375e+06  2.036890e+00  4.125000e+06  2.035056e+00
  4.140625e+06  2.033227e+00  4.156250e+06  2.031406e+00  4.171875e+06  2.029592e+00
  4.187500e+06  2.027784e+00  4.203125e+06  2.025984e+00  4.218750e+06  2.024189e+00
  4.234375e+06  2.022402e+00  4.250000e+06  2.020622e+00  4.265625e+06  2.018847e+00
  4.281250e+06  2.017079e+00  4.296875e+06  2.015317e+00  4.312500e+06  2.013562e+00
  4.328125e+06  2.011814e+00  4.343750e+06  2.010071e+00  4.359375e+06  2.008335e+00
  4.375000e+06  2.006606e+00  4.390625e+06  2.004882e+00  4.406250e+06  2.003165e+00
  4.421875e+06  2.001453e+00  4.437500e+06  1.999747e+00  4.453125e+06  1.998048e+00
  4.468750e+06  1.996355e+00  4.484375e+06  1.994667e+00  4.500000e+06  1.992986e+00
  4.515625e+06  1.991309e+00  4.531250e+06  1.989639e+00  4.546875e+06  1.987976e+00
  4.562500e+06  1.986317e+00  4.578125e+06  1.984664e+00  4.593750e+06  1.983017e+00
  4.609375e+06  1.981375e+00  4.625000e+06  1.979739e+00  4.640625e+06  1.978109e+00
  4.656250e+06  1.976484e+00  4.671875e+06  1.974864e+00  4.687500e+06  1.973251e+00
  4.703125e+06  1.971643e+00  4.718750e+06  1.970039e+00  4.734375e+06  1.968441e+00
  4.750000e+06  1.966848e+00  4.765625e+06  1.965260e+00  4.781250e+06  1.963679e+00
  4.796875e+06  1.962103e+00  4.812500e+06  1.960531e+00  4.828125e+06  1.958964e+00
  4.843750e+06  1.957403e+00  4.859375e+06  1.955847e+00  4.875000e+06  1.954296e+00
  4.890625e+06  1.952749e+00  4.906250e+06  1.951210e+00  4.921875e+06  1.949672e+00
  4.937500e+06  1.948142e+00  4.953125e+06  1.946616e+00  4.968750e+06  1.945095e+00
  4.984375e+06  1.943579e+00  5.000000e+06  1.942068e+00  5.014914e+06  1.940673e+00
  5.029827e+06  1.939284e+00  5.044741e+06  1.937897e+00  5.059654e+06  1.936516e+00
  5.074568e+06  1.935137e+00  5.089481e+06  1.933763e+00  5.104395e+06  1.932393e+00
  5.119308e+06  1.931028e+00  5.134222e+06  1.929667e+00  5.149135e+06  1.928309e+00
  5.164049e+06  1.926954e+00  5.178962e+06  1.925605e+00  5.193876e+06  1.924258e+00
  5.208789e+06  1.922915e+00  5.223702e+06  1.921578e+00  5.238615e+06  1.920244e+00
  5.253529e+06  1.918913e+00  5.268442e+06  1.917585e+00  5.283356e+06  1.916262e+00
  5.298269e+06  1.914943e+00  5.313183e+06  1.913627e+00  5.328096e+06  1.912315e+00
  5.343010e+06  1.911006e+00  5.357923e+06  1.909701e+00  5.372837e+06  1.908400e+00
  5.387750e+06  1.907103e+00  5.402664e+06  1.905808e+00  5.417577e+06  1.904518e+00
  5.432491e+06  1.903231e+00  5.447404e+06  1.901948e+00  5.462317e+06  1.900669e+00
  5.477230e+06  1.899392e+00  5.493195e+06  1.898030e+00  5.509159e+06  1.896671e+00
  5.525124e+06  1.895317e+00  5.541088e+06  1.893967e+00  5.557053e+06  1.892620e+00
  5.573017e+06  1.891278e+00  5.588981e+06  1.889938e+00  5.604945e+06  1.888603e+00
  5.620910e+06  1.887271e+00  5.636874e+06  1.885944e+00  5.652839e+06  1.884621e+00
  5.668803e+06  1.883300e+00  5.684768e+06  1.881984e+00  5.700732e+06  1.880671e+00
  5.716696e+06  1.879363e+00  5.732660e+06  1.878058e+00  5.748967e+06  1.876727e+00
  5.765273e+06  1.875402e+00  5.781579e+06  1.874081e+00  5.797885e+06  1.872762e+00
  5.814192e+06  1.871448e+00  5.830498e+06  1.870137e+00  5.846804e+06  1.868829e+00
  5.863110e+06  1.867526e+00  5.879417e+06  1.866226e+00  5.895723e+06  1.864931e+00
  5.912029e+06  1.863638e+00  5.928335e+06  1.862349e+00  5.944642e+06  1.861063e+00
  5.960948e+06  1.859780e+00  5.977254e+06  1.858502e+00  5.993560e+06  1.857227e+00
  6.000000e+06  1.856725e+00  6.014734e+06  1.856337e+00  6.029468e+06  1.855950e+00
  6.044202e+06  1.855564e+00  6.058935e+06  1.855179e+00  6.073669e+06  1.854794e+00
  6.088403e+06  1.854412e+00  6.103137e+06  1.854029e+00  6.117870e+06  1.853648e+00
  6.132604e+06  1.853267e+00  6.147338e+06  1.852888e+00  6.162072e+06  1.852510e+00
  6.176805e+06  1.852132e+00  6.191539e+06  1.851754e+00  6.206273e+06  1.851379e+00
  6.221007e+06  1.851004e+00  6.235740e+06  1.850630e+00  6.250385e+06  1.850260e+00
  6.265030e+06  1.849889e+00  6.278512e+06  1.849549e+00  6.291994e+06  1.849209e+00
  6.305476e+06  1.848872e+00  6.318958e+06  1.848534e+00  6.332440e+06  1.848197e+00
  6.345922e+06  1.847861e+00  6.359404e+06  1.847525e+00  6.372885e+06  1.847191e+00
  6.386367e+06  1.846856e+00  6.399849e+06  1.846524e+00  6.413331e+06  1.846190e+00
  6.426813e+06  1.845858e+00  6.440295e+06  1.845527e+00  6.453777e+06  1.845197e+00
  6.467259e+06  1.844867e+00  6.480740e+06  1.844537e+00  6.501093e+06  1.844041e+00
  6.521445e+06  1.843547e+00  6.541798e+06  1.843055e+00  6.562150e+06  1.842565e+00
  6.582503e+06  1.842076e+00  6.602855e+06  1.841588e+00  6.623208e+06  1.841102e+00
  6.643560e+06  1.840616e+00  6.666513e+06  1.840072e+00  6.689465e+06  1.839528e+00
  6.712418e+06  1.838987e+00  6.735370e+06  1.838449e+00  6.749816e+06  1.838110e+00
  6.764262e+06  1.837773e+00  6.778708e+06  1.837436e+00  6.793153e+06  1.837100e+00
  6.807599e+06  1.836763e+00  6.822044e+06  1.836430e+00  6.836490e+06  1.836095e+00
  6.850935e+06  1.835762e+00  6.865381e+06  1.835429e+00  6.879827e+06  1.835098e+00
  6.894273e+06  1.834766e+00  6.908718e+06  1.834436e+00  6.923164e+06  1.834107e+00
  6.937609e+06  1.833777e+00  6.952055e+06  1.833450e+00  6.966500e+06  1.833121e+00
  6.983250e+06  1.832742e+00  7.000000e+06  1.832365e+00  7.014852e+06  1.829110e+00
  7.029703e+06  1.825864e+00  7.044554e+06  1.822626e+00  7.059405e+06  1.819399e+00
  7.074257e+06  1.816180e+00  7.089108e+06  1.812971e+00  7.103959e+06  1.809769e+00
  7.118810e+06  1.806577e+00  7.133662e+06  1.803393e+00  7.148513e+06  1.800218e+00
  7.163364e+06  1.797052e+00  7.178215e+06  1.793894e+00  7.193067e+06  1.790745e+00
  7.207918e+06  1.787604e+00  7.222769e+06  1.784474e+00  7.237620e+06  1.781349e+00
  7.259518e+06  1.776760e+00  7.281415e+06  1.772189e+00  7.303313e+06  1.767635e+00
  7.325210e+06  1.763099e+00  7.344973e+06  1.764279e+00  7.364735e+06  1.765472e+00
  7.384498e+06  1.766680e+00  7.404260e+06  1.767902e+00  7.424023e+06  1.769138e+00
  7.443785e+06  1.770390e+00  7.463548e+06  1.771654e+00  7.483310e+06  1.772934e+00
  7.499457e+06  1.773990e+00  7.515604e+06  1.775055e+00  7.531751e+06  1.776129e+00
  7.547897e+06  1.777213e+00  7.564044e+06  1.778305e+00  7.580190e+06  1.779407e+00
  7.596337e+06  1.780518e+00  7.612483e+06  1.781638e+00  7.628630e+06  1.782768e+00
  7.644776e+06  1.783906e+00  7.660923e+06  1.785053e+00  7.677069e+06  1.786209e+00
  7.693216e+06  1.787375e+00  7.709362e+06  1.788548e+00  7.725509e+06  1.789731e+00
  7.741655e+06  1.790923e+00  7.757802e+06  1.792123e+00  7.773949e+06  1.793333e+00
  7.790096e+06  1.794551e+00  7.806242e+06  1.795778e+00  7.822389e+06  1.797013e+00
  7.838535e+06  1.798256e+00  7.854682e+06  1.799508e+00  7.870828e+06  1.800770e+00
  7.886975e+06  1.802039e+00  7.903121e+06  1.803316e+00  7.919268e+06  1.804603e+00
  7.935414e+06  1.805898e+00  7.951561e+06  1.807201e+00  7.967707e+06  1.808511e+00
  7.983854e+06  1.809832e+00  8.000000e+06  1.811160e+00  8.005028e+06  1.810960e+00
  8.010055e+06  1.810764e+00  8.015083e+06  1.810569e+00  8.020110e+06  1.810375e+00
  8.025138e+06  1.810183e+00  8.030165e+06  1.809994e+00  8.035192e+06  1.809806e+00
  8.040219e+06  1.809619e+00  8.045247e+06  1.809434e+00  8.050274e+06  1.809252e+00
  8.055302e+06  1.809071e+00  8.060329e+06  1.808891e+00  8.065357e+06  1.808713e+00
  8.070384e+06  1.808538e+00  8.075411e+06  1.808362e+00  8.080438e+06  1.808190e+00
  8.085466e+06  1.808020e+00  8.090493e+06  1.807850e+00  8.095521e+06  1.807683e+00
  8.100548e+06  1.807518e+00  8.105576e+06  1.807353e+00  8.110603e+06  1.807192e+00
  8.115630e+06  1.807032e+00  8.120657e+06  1.806872e+00  8.125685e+06  1.806716e+00
  8.130712e+06  1.806560e+00  8.135739e+06  1.806407e+00  8.140766e+06  1.806255e+00
  8.145794e+06  1.806104e+00  8.150821e+06  1.805956e+00  8.155848e+06  1.805809e+00
  8.160875e+06  1.805664e+00  8.165903e+06  1.805521e+00  8.170930e+06  1.805379e+00
  8.175958e+06  1.805239e+00  8.180985e+06  1.805100e+00  8.186013e+06  1.804964e+00
  8.191040e+06  1.804829e+00  8.196067e+06  1.804695e+00  8.201094e+06  1.804564e+00
  8.206122e+06  1.804434e+00  8.211149e+06  1.804306e+00  8.216177e+06  1.804178e+00
  8.221204e+06  1.804054e+00  8.226232e+06  1.803932e+00  8.231259e+06  1.803809e+00
  8.236286e+06  1.803690e+00  8.241313e+06  1.803570e+00  8.246341e+06  1.803454e+00
  8.251368e+06  1.803340e+00  8.256396e+06  1.803226e+00  8.261423e+06  1.803114e+00
  8.266451e+06  1.803005e+00  8.271478e+06  1.802897e+00  8.276505e+06  1.802790e+00
  8.281532e+06  1.802685e+00  8.286560e+06  1.802580e+00  8.291587e+06  1.802479e+00
  8.296614e+06  1.802379e+00  8.301641e+06  1.802281e+00  8.306669e+06  1.802185e+00
  8.311696e+06  1.802089e+00  8.316723e+06  1.801996e+00  8.321750e+06  1.801904e+00
  8.326861e+06  1.801404e+00  8.331971e+06  1.800909e+00  8.337082e+06  1.800413e+00
  8.342192e+06  1.799919e+00  8.347303e+06  1.799428e+00  8.352413e+06  1.798937e+00
  8.357523e+06  1.798448e+00  8.362633e+06  1.797962e+00  8.367744e+06  1.797477e+00
  8.372854e+06  1.796993e+00  8.377964e+06  1.796512e+00  8.383074e+06  1.796032e+00
  8.388185e+06  1.795553e+00  8.393295e+06  1.795076e+00  8.398405e+06  1.794600e+00
  8.403515e+06  1.794127e+00  8.408626e+06  1.793656e+00  8.413736e+06  1.793185e+00
  8.418847e+06  1.792717e+00  8.423957e+06  1.792250e+00  8.429068e+06  1.791785e+00
  8.434178e+06  1.791320e+00  8.439288e+06  1.790859e+00  8.444398e+06  1.790399e+00
  8.449509e+06  1.789940e+00  8.454619e+06  1.789483e+00  8.459729e+06  1.789028e+00
  8.464839e+06  1.788573e+00  8.469950e+06  1.788122e+00  8.475060e+06  1.787671e+00
  8.480170e+06  1.787223e+00  8.485280e+06  1.786775e+00  8.493323e+06  1.786074e+00
  8.501365e+06  1.785377e+00  8.509408e+06  1.784684e+00  8.517450e+06  1.783996e+00
  8.525493e+06  1.783311e+00  8.533535e+06  1.782631e+00  8.541578e+06  1.781953e+00
  8.549620e+06  1.781281e+00  8.557663e+06  1.780612e+00  8.565705e+06  1.779947e+00
  8.573748e+06  1.779286e+00  8.581790e+06  1.778630e+00  8.589833e+06  1.777977e+00
  8.597875e+06  1.777327e+00  8.605918e+06  1.776682e+00  8.613960e+06  1.776041e+00
  8.622003e+06  1.775403e+00  8.630045e+06  1.774769e+00  8.638088e+06  1.774140e+00
  8.646130e+06  1.773514e+00  8.654173e+06  1.772892e+00  8.662215e+06  1.772274e+00
  8.670258e+06  1.771661e+00  8.678300e+06  1.771050e+00  8.686343e+06  1.770443e+00
  8.694385e+06  1.769841e+00  8.702428e+06  1.769241e+00  8.710470e+06  1.768647e+00
  8.718513e+06  1.768055e+00  8.726555e+06  1.767468e+00  8.734598e+06  1.766884e+00
  8.742640e+06  1.766305e+00  8.750683e+06  1.765730e+00  8.758725e+06  1.765156e+00
  8.766768e+06  1.764588e+00  8.774810e+06  1.764024e+00  8.782853e+06  1.763462e+00
  8.790895e+06  1.762905e+00  8.798938e+06  1.762351e+00  8.806980e+06  1.761802e+00
  8.815023e+06  1.761256e+00  8.823065e+06  1.760713e+00  8.831108e+06  1.760175e+00
  8.839150e+06  1.759641e+00  8.847193e+06  1.759109e+00  8.855235e+06  1.758582e+00
  8.863278e+06  1.758058e+00  8.871320e+06  1.757538e+00  8.879363e+06  1.757023e+00
  8.887405e+06  1.756511e+00  8.895448e+06  1.756001e+00  8.903490e+06  1.755495e+00
  8.911533e+06  1.754994e+00  8.919575e+06  1.754496e+00  8.927618e+06  1.754001e+00
  8.935660e+06  1.753511e+00  8.943703e+06  1.753024e+00  8.951745e+06  1.752540e+00
  8.959788e+06  1.752061e+00  8.967830e+06  1.751584e+00  8.975873e+06  1.751112e+00
  8.983915e+06  1.750642e+00  8.991958e+06  1.750178e+00  9.000000e+06  1.749716e+00
  9.007607e+06  1.748914e+00  9.015214e+06  1.748114e+00  9.022821e+06  1.747317e+00
  9.030427e+06  1.746522e+00  9.038034e+06  1.745731e+00  9.045641e+06  1.744941e+00
  9.053248e+06  1.744153e+00  9.060854e+06  1.743369e+00  9.068461e+06  1.742587e+00
  9.076068e+06  1.741807e+00  9.083675e+06  1.741030e+00  9.091281e+06  1.740255e+00
  9.098888e+06  1.739482e+00  9.106495e+06  1.738712e+00  9.114102e+06  1.737944e+00
  9.121708e+06  1.737179e+00  9.129315e+06  1.736417e+00  9.136922e+06  1.735656e+00
  9.144529e+06  1.734898e+00  9.152135e+06  1.734143e+00  9.159742e+06  1.733390e+00
  9.167349e+06  1.732639e+00  9.174956e+06  1.731891e+00  9.182562e+06  1.731145e+00
  9.190169e+06  1.730402e+00  9.197776e+06  1.729660e+00  9.205383e+06  1.728921e+00
  9.212989e+06  1.728185e+00  9.220596e+06  1.727451e+00  9.228202e+06  1.726719e+00
  9.235809e+06  1.725990e+00  9.243415e+06  1.725264e+00  9.251022e+06  1.724539e+00
  9.258629e+06  1.723817e+00  9.266236e+06  1.723098e+00  9.273842e+06  1.722380e+00
  9.281449e+06  1.721665e+00  9.289056e+06  1.720952e+00  9.296663e+06  1.720242e+00
  9.304269e+06  1.719534e+00  9.311876e+06  1.718829e+00  9.319483e+06  1.718125e+00
  9.327090e+06  1.717423e+00  9.334696e+06  1.716725e+00  9.342303e+06  1.716029e+00
  9.349910e+06  1.715335e+00  9.357517e+06  1.714643e+00  9.365123e+06  1.713954e+00
  9.372730e+06  1.713266e+00  9.380337e+06  1.712581e+00  9.387944e+06  1.711899e+00
  9.395550e+06  1.711219e+00  9.403157e+06  1.710541e+00  9.410764e+06  1.709865e+00
  9.418371e+06  1.709192e+00  9.425977e+06  1.708521e+00  9.433584e+06  1.707853e+00
  9.441191e+06  1.707186e+00  9.448798e+06  1.706522e+00  9.456404e+06  1.705860e+00
  9.464011e+06  1.705199e+00  9.471617e+06  1.704543e+00  9.479224e+06  1.703887e+00
  9.486830e+06  1.703234e+00  9.494849e+06  1.702548e+00  9.502867e+06  1.701865e+00
  9.510886e+06  1.701184e+00  9.518904e+06  1.700505e+00  9.526923e+06  1.699830e+00
  9.534941e+06  1.699156e+00  9.542959e+06  1.698486e+00  9.550977e+06  1.697817e+00
  9.558996e+06  1.697152e+00  9.567014e+06  1.696488e+00  9.575032e+06  1.695827e+00
  9.583050e+06  1.695168e+00  9.591069e+06  1.694512e+00  9.599087e+06  1.693858e+00
  9.607105e+06  1.693207e+00  9.615123e+06  1.692559e+00  9.623142e+06  1.691912e+00
  9.631160e+06  1.691269e+00  9.639178e+06  1.690627e+00  9.647196e+06  1.689988e+00
  9.655215e+06  1.689351e+00  9.663233e+06  1.688717e+00  9.671251e+06  1.688085e+00
  9.679269e+06  1.687456e+00  9.687288e+06  1.686828e+00  9.695306e+06  1.686204e+00
  9.703324e+06  1.685582e+00  9.711342e+06  1.684962e+00  9.719361e+06  1.684345e+00
  9.727379e+06  1.683730e+00  9.735397e+06  1.683117e+00  9.743415e+06  1.682508e+00
  9.751434e+06  1.681899e+00  9.759452e+06  1.681295e+00  9.767471e+06  1.680691e+00
  9.775489e+06  1.680091e+00  9.783508e+06  1.679492e+00  9.791526e+06  1.678896e+00
  9.799544e+06  1.678303e+00  9.807562e+06  1.677711e+00  9.815581e+06  1.677122e+00
  9.823599e+06  1.676536e+00  9.831617e+06  1.675952e+00  9.839635e+06  1.675370e+00
  9.847654e+06  1.674790e+00  9.855672e+06  1.674213e+00  9.863690e+06  1.673638e+00
  9.871708e+06  1.673066e+00  9.879727e+06  1.672495e+00  9.887745e+06  1.671927e+00
  9.895763e+06  1.671362e+00  9.903781e+06  1.670799e+00  9.911800e+06  1.670238e+00
  9.919818e+06  1.669679e+00  9.927836e+06  1.669122e+00  9.935854e+06  1.668569e+00
  9.943873e+06  1.668017e+00  9.951891e+06  1.667468e+00  9.959909e+06  1.666921e+00
  9.967927e+06  1.666376e+00  9.975946e+06  1.665833e+00  9.983964e+06  1.665293e+00
  9.991982e+06  1.664755e+00  1.000000e+07  1.664219e+00  1.000763e+07  1.663849e+00
  1.001526e+07  1.663481e+00  1.002289e+07  1.663113e+00  1.003051e+07  1.662747e+00
  1.003814e+07  1.662382e+00  1.004577e+07  1.662017e+00  1.005340e+07  1.661653e+00
  1.006102e+07  1.661291e+00  1.006865e+07  1.660929e+00  1.007628e+07  1.660570e+00
  1.008391e+07  1.660210e+00  1.009153e+07  1.659852e+00  1.009916e+07  1.659495e+00
  1.010678e+07  1.659138e+00  1.011441e+07  1.658783e+00  1.012203e+07  1.658430e+00
  1.012966e+07  1.658077e+00  1.013729e+07  1.657725e+00  1.014492e+07  1.657373e+00
  1.015254e+07  1.657024e+00  1.016017e+07  1.656675e+00  1.016779e+07  1.656327e+00
  1.017542e+07  1.655980e+00  1.018304e+07  1.655635e+00  1.019067e+07  1.655290e+00
  1.019830e+07  1.654946e+00  1.020593e+07  1.654603e+00  1.021355e+07  1.654261e+00
  1.022118e+07  1.653921e+00  1.022880e+07  1.653581e+00  1.023643e+07  1.653242e+00
  1.024405e+07  1.652905e+00  1.025168e+07  1.652568e+00  1.025931e+07  1.652232e+00
  1.026694e+07  1.651897e+00  1.027456e+07  1.651563e+00  1.028219e+07  1.651232e+00
  1.028982e+07  1.650899e+00  1.029745e+07  1.650569e+00  1.030507e+07  1.650239e+00
  1.031270e+07  1.649911e+00  1.032033e+07  1.649583e+00  1.032796e+07  1.649256e+00
  1.033558e+07  1.648930e+00  1.034321e+07  1.648606e+00  1.035083e+07  1.648283e+00
  1.035846e+07  1.647959e+00  1.036608e+07  1.647638e+00  1.037371e+07  1.647317e+00
  1.038134e+07  1.646998e+00  1.038897e+07  1.646679e+00  1.039659e+07  1.646361e+00
  1.040422e+07  1.646045e+00  1.041184e+07  1.645730e+00  1.041947e+07  1.645414e+00
  1.042709e+07  1.645100e+00  1.043472e+07  1.644788e+00  1.044235e+07  1.644476e+00
  1.044998e+07  1.644165e+00  1.045760e+07  1.643854e+00  1.046523e+07  1.643546e+00
  1.047285e+07  1.643238e+00  1.048048e+07  1.642932e+00  1.048810e+07  1.642626e+00
  1.049610e+07  1.642305e+00  1.050410e+07  1.641986e+00  1.051210e+07  1.641668e+00
  1.052010e+07  1.641351e+00  1.052810e+07  1.641035e+00  1.053610e+07  1.640721e+00
  1.054410e+07  1.640408e+00  1.055209e+07  1.640097e+00  1.056009e+07  1.639785e+00
  1.056809e+07  1.639474e+00  1.057609e+07  1.639165e+00  1.058409e+07  1.638856e+00
  1.059209e+07  1.638550e+00  1.060009e+07  1.638244e+00  1.060809e+07  1.637939e+00
  1.061608e+07  1.637634e+00  1.062408e+07  1.637331e+00  1.063208e+07  1.637029e+00
  1.064008e+07  1.636729e+00  1.064808e+07  1.636429e+00  1.065608e+07  1.636130e+00
  1.066408e+07  1.635832e+00  1.067208e+07  1.635536e+00  1.068007e+07  1.635241e+00
  1.068807e+07  1.634946e+00  1.069607e+07  1.634652e+00  1.070407e+07  1.634360e+00
  1.071206e+07  1.634069e+00  1.072006e+07  1.633778e+00  1.072806e+07  1.633489e+00
  1.073606e+07  1.633199e+00  1.074405e+07  1.632913e+00  1.075205e+07  1.632627e+00
  1.076005e+07  1.632341e+00  1.076805e+07  1.632056e+00  1.077605e+07  1.631773e+00
  1.078405e+07  1.631491e+00  1.079205e+07  1.631210e+00  1.080005e+07  1.630929e+00
  1.080804e+07  1.630650e+00  1.081604e+07  1.630373e+00  1.082404e+07  1.630095e+00
  1.083204e+07  1.629819e+00  1.084004e+07  1.629544e+00  1.084804e+07  1.629269e+00
  1.085604e+07  1.628997e+00  1.086404e+07  1.628724e+00  1.087203e+07  1.628454e+00
  1.088003e+07  1.628183e+00  1.088803e+07  1.627915e+00  1.089603e+07  1.627647e+00
  1.090403e+07  1.627379e+00  1.091203e+07  1.627113e+00  1.092003e+07  1.626848e+00
  1.092803e+07  1.626584e+00  1.093602e+07  1.626322e+00  1.094402e+07  1.626059e+00
  1.095202e+07  1.625799e+00  1.096002e+07  1.625539e+00  1.096801e+07  1.625280e+00
  1.097601e+07  1.625022e+00  1.098401e+07  1.624764e+00  1.099201e+07  1.624508e+00
  1.100000e+07  1.624254e+00  1.100782e+07  1.623421e+00  1.101563e+07  1.622589e+00
  1.102344e+07  1.621758e+00  1.103125e+07  1.620929e+00  1.103907e+07  1.620098e+00
  1.104688e+07  1.619271e+00  1.105469e+07  1.618444e+00  1.106250e+07  1.617617e+00
  1.107032e+07  1.616791e+00  1.107813e+07  1.615967e+00  1.108594e+07  1.615144e+00
  1.109375e+07  1.614321e+00  1.110157e+07  1.613500e+00  1.110938e+07  1.612678e+00
  1.111719e+07  1.611858e+00  1.112500e+07  1.611040e+00  1.113282e+07  1.610222e+00
  1.114063e+07  1.609405e+00  1.114844e+07  1.608588e+00  1.115625e+07  1.607773e+00
  1.116407e+07  1.606958e+00  1.117188e+07  1.606145e+00  1.117969e+07  1.605332e+00
  1.118750e+07  1.604521e+00  1.119532e+07  1.603709e+00  1.120313e+07  1.602899e+00
  1.121094e+07  1.602091e+00  1.121875e+07  1.601283e+00  1.122657e+07  1.600475e+00
  1.123438e+07  1.599668e+00  1.124219e+07  1.598863e+00  1.125000e+07  1.598060e+00
  1.125782e+07  1.597255e+00  1.126563e+07  1.596453e+00  1.127344e+07  1.595651e+00
  1.128125e+07  1.594850e+00  1.128907e+07  1.594049e+00  1.129688e+07  1.593250e+00
  1.130469e+07  1.592452e+00  1.131250e+07  1.591655e+00  1.132032e+07  1.590857e+00
  1.132813e+07  1.590062e+00  1.133594e+07  1.589267e+00  1.134375e+07  1.588474e+00
  1.135157e+07  1.587680e+00  1.135938e+07  1.586888e+00  1.136719e+07  1.586096e+00
  1.137500e+07  1.585306e+00  1.138282e+07  1.584516e+00  1.139063e+07  1.583727e+00
  1.139844e+07  1.582940e+00  1.140625e+07  1.582154e+00  1.141407e+07  1.581367e+00
  1.142188e+07  1.580582e+00  1.142969e+07  1.579798e+00  1.143750e+07  1.579015e+00
  1.144532e+07  1.578231e+00  1.145313e+07  1.577450e+00  1.146094e+07  1.576670e+00
  1.146875e+07  1.575889e+00  1.147657e+07  1.575110e+00  1.148438e+07  1.574332e+00
  1.149219e+07  1.573555e+00  1.150000e+07  1.572779e+00  1.150782e+07  1.572002e+00
  1.151563e+07  1.571228e+00  1.152344e+07  1.570454e+00  1.153125e+07  1.569683e+00
  1.153907e+07  1.568908e+00  1.154688e+07  1.568138e+00  1.155469e+07  1.567367e+00
  1.156250e+07  1.566598e+00  1.157032e+07  1.565829e+00  1.157813e+07  1.565061e+00
  1.158594e+07  1.564295e+00  1.159375e+07  1.563529e+00  1.160157e+07  1.562763e+00
  1.160938e+07  1.561999e+00  1.161719e+07  1.561235e+00  1.162500e+07  1.560473e+00
  1.163282e+07  1.559711e+00  1.164063e+07  1.558950e+00  1.164844e+07  1.558190e+00
  1.165625e+07  1.557430e+00  1.166407e+07  1.556671e+00  1.167188e+07  1.555915e+00
  1.167969e+07  1.555158e+00  1.168750e+07  1.554403e+00  1.169532e+07  1.553647e+00
  1.170313e+07  1.552893e+00  1.171094e+07  1.552141e+00  1.171875e+07  1.551388e+00
  1.172657e+07  1.550636e+00  1.173438e+07  1.549885e+00  1.174219e+07  1.549135e+00
  1.175000e+07  1.548387e+00  1.175782e+07  1.547637e+00  1.176563e+07  1.546891e+00
  1.177344e+07  1.546144e+00  1.178125e+07  1.545399e+00  1.178907e+07  1.544653e+00
  1.179688e+07  1.543909e+00  1.180469e+07  1.543167e+00  1.181250e+07  1.542425e+00
  1.182032e+07  1.541683e+00  1.182813e+07  1.540942e+00  1.183594e+07  1.540202e+00
  1.184375e+07  1.539464e+00  1.185157e+07  1.538725e+00  1.185938e+07  1.537988e+00
  1.186719e+07  1.537252e+00  1.187500e+07  1.536517e+00  1.188282e+07  1.535782e+00
  1.189063e+07  1.535048e+00  1.189844e+07  1.534316e+00  1.190625e+07  1.533584e+00
  1.191407e+07  1.532852e+00  1.192188e+07  1.532122e+00  1.192969e+07  1.531392e+00
  1.193750e+07  1.530665e+00  1.194532e+07  1.529935e+00  1.195313e+07  1.529209e+00
  1.196094e+07  1.528483e+00  1.196875e+07  1.527758e+00  1.197657e+07  1.527033e+00
  1.198438e+07  1.526309e+00  1.199219e+07  1.525587e+00  1.200000e+07  1.524866e+00
  1.200686e+07  1.524855e+00  1.201371e+07  1.524845e+00  1.202056e+07  1.524835e+00
  1.202741e+07  1.524826e+00  1.203427e+07  1.524817e+00  1.204112e+07  1.524808e+00
  1.204797e+07  1.524799e+00  1.205482e+07  1.524790e+00  1.206168e+07  1.524782e+00
  1.206853e+07  1.524774e+00  1.207538e+07  1.524767e+00  1.208223e+07  1.524760e+00
  1.208909e+07  1.524753e+00  1.209594e+07  1.524745e+00  1.210279e+07  1.524739e+00
  1.210964e+07  1.524732e+00  1.211650e+07  1.524727e+00  1.212335e+07  1.524721e+00
  1.213020e+07  1.524717e+00  1.213705e+07  1.524711e+00  1.214391e+07  1.524707e+00
  1.215076e+07  1.524702e+00  1.215761e+07  1.524698e+00  1.216446e+07  1.524695e+00
  1.217132e+07  1.524691e+00  1.217817e+07  1.524689e+00  1.218502e+07  1.524686e+00
  1.219187e+07  1.524683e+00  1.219873e+07  1.524680e+00  1.220558e+07  1.524678e+00
  1.221243e+07  1.524677e+00  1.221928e+07  1.524675e+00  1.222614e+07  1.524674e+00
  1.223299e+07  1.524673e+00  1.223984e+07  1.524672e+00  1.224669e+07  1.524672e+00
  1.225355e+07  1.524672e+00  1.226040e+07  1.524672e+00  1.226725e+07  1.524673e+00
  1.227410e+07  1.524675e+00  1.228096e+07  1.524676e+00  1.228781e+07  1.524676e+00
  1.229466e+07  1.524679e+00  1.230151e+07  1.524681e+00  1.230837e+07  1.524683e+00
  1.231522e+07  1.524686e+00  1.232207e+07  1.524689e+00  1.232892e+07  1.524692e+00
  1.233578e+07  1.524696e+00  1.234263e+07  1.524699e+00  1.234948e+07  1.524704e+00
  1.235633e+07  1.524709e+00  1.236319e+07  1.524714e+00  1.237004e+07  1.524718e+00
  1.237689e+07  1.524722e+00  1.238374e+07  1.524728e+00  1.239060e+07  1.524734e+00
  1.239745e+07  1.524740e+00  1.240430e+07  1.524747e+00  1.241115e+07  1.524754e+00
  1.241800e+07  1.524761e+00  1.242485e+07  1.524768e+00  1.243170e+07  1.524777e+00
  1.243855e+07  1.524784e+00  1.244541e+07  1.524793e+00  1.245226e+07  1.524801e+00
  1.245911e+07  1.524810e+00  1.246596e+07  1.524819e+00  1.247282e+07  1.524828e+00
  1.247967e+07  1.524838e+00  1.248652e+07  1.524848e+00  1.249337e+07  1.524858e+00
  1.250023e+07  1.524869e+00  1.250708e+07  1.524879e+00  1.251393e+07  1.524891e+00
  1.252078e+07  1.524903e+00  1.252764e+07  1.524915e+00  1.253449e+07  1.524927e+00
  1.254134e+07  1.524939e+00  1.254819e+07  1.524951e+00  1.255505e+07  1.524965e+00
  1.256190e+07  1.524978e+00  1.256875e+07  1.524991e+00  1.257560e+07  1.525006e+00
  1.258246e+07  1.525019e+00  1.258931e+07  1.525034e+00  1.259616e+07  1.525048e+00
  1.260301e+07  1.525064e+00  1.260987e+07  1.525078e+00  1.261672e+07  1.525095e+00
  1.262357e+07  1.525110e+00  1.263042e+07  1.525127e+00  1.263728e+07  1.525143e+00
  1.264413e+07  1.525160e+00  1.265098e+07  1.525178e+00  1.265783e+07  1.525195e+00
  1.266469e+07  1.525212e+00  1.267154e+07  1.525231e+00  1.267839e+07  1.525248e+00
  1.268524e+07  1.525267e+00  1.269210e+07  1.525286e+00  1.269895e+07  1.525305e+00
  1.270580e+07  1.525325e+00  1.271265e+07  1.525345e+00  1.271951e+07  1.525365e+00
  1.272636e+07  1.525385e+00  1.273321e+07  1.525406e+00  1.274006e+07  1.525428e+00
  1.274692e+07  1.525448e+00  1.275377e+07  1.525471e+00  1.276062e+07  1.525491e+00
  1.276747e+07  1.525514e+00  1.277433e+07  1.525536e+00  1.278118e+07  1.525559e+00
  1.278803e+07  1.525583e+00  1.279488e+07  1.525606e+00  1.280174e+07  1.525630e+00
  1.280859e+07  1.525654e+00  1.281544e+07  1.525678e+00  1.282229e+07  1.525703e+00
  1.282915e+07  1.525728e+00  1.283600e+07  1.525753e+00  1.284285e+07  1.525779e+00
  1.284970e+07  1.525805e+00  1.285655e+07  1.525831e+00  1.286340e+07  1.525857e+00
  1.287025e+07  1.525885e+00  1.287710e+07  1.525912e+00  1.288479e+07  1.525896e+00
  1.289247e+07  1.525883e+00  1.290015e+07  1.525869e+00  1.290783e+07  1.525856e+00
  1.291551e+07  1.525844e+00  1.292319e+07  1.525831e+00  1.293087e+07  1.525819e+00
  1.293855e+07  1.525807e+00  1.294624e+07  1.525796e+00  1.295392e+07  1.525784e+00
  1.296160e+07  1.525774e+00  1.296928e+07  1.525764e+00  1.297696e+07  1.525754e+00
  1.298464e+07  1.525744e+00  1.299232e+07  1.525735e+00  1.300000e+07  1.525726e+00
  1.300782e+07  1.525643e+00  1.301563e+07  1.525560e+00  1.302344e+07  1.525478e+00
  1.303125e+07  1.525396e+00  1.303907e+07  1.525313e+00  1.304688e+07  1.525232e+00
  1.305469e+07  1.525151e+00  1.306250e+07  1.525071e+00  1.307032e+07  1.524990e+00
  1.307813e+07  1.524910e+00  1.308594e+07  1.524830e+00  1.309375e+07  1.524751e+00
  1.310157e+07  1.524671e+00  1.310938e+07  1.524593e+00  1.311719e+07  1.524515e+00
  1.312500e+07  1.524437e+00  1.313282e+07  1.524360e+00  1.314063e+07  1.524282e+00
  1.314844e+07  1.524206e+00  1.315625e+07  1.524128e+00  1.316407e+07  1.524053e+00
  1.317188e+07  1.523977e+00  1.317969e+07  1.523901e+00  1.318750e+07  1.523825e+00
  1.319532e+07  1.523751e+00  1.320313e+07  1.523676e+00  1.321094e+07  1.523602e+00
  1.321875e+07  1.523529e+00  1.322657e+07  1.523454e+00  1.323438e+07  1.523382e+00
  1.324219e+07  1.523309e+00  1.325000e+07  1.523237e+00  1.325782e+07  1.523165e+00
  1.326563e+07  1.523093e+00  1.327344e+07  1.523022e+00  1.328125e+07  1.522951e+00
  1.328907e+07  1.522881e+00  1.329688e+07  1.522811e+00  1.330469e+07  1.522741e+00
  1.331250e+07  1.522671e+00  1.332032e+07  1.522602e+00  1.332813e+07  1.522534e+00
  1.333594e+07  1.522466e+00  1.334375e+07  1.522398e+00  1.335157e+07  1.522330e+00
  1.335938e+07  1.522262e+00  1.336719e+07  1.522196e+00  1.337500e+07  1.522129e+00
  1.338282e+07  1.522063e+00  1.339063e+07  1.521996e+00  1.339844e+07  1.521931e+00
  1.340625e+07  1.521865e+00  1.341407e+07  1.521801e+00  1.342188e+07  1.521737e+00
  1.342969e+07  1.521673e+00  1.343750e+07  1.521608e+00  1.344532e+07  1.521546e+00
  1.345313e+07  1.521482e+00  1.346094e+07  1.521420e+00  1.346875e+07  1.521358e+00
  1.347657e+07  1.521295e+00  1.348438e+07  1.521234e+00  1.349219e+07  1.521173e+00
  1.350000e+07  1.521113e+00  1.350782e+07  1.521052e+00  1.351563e+07  1.520992e+00
  1.352344e+07  1.520932e+00  1.353125e+07  1.520873e+00  1.353907e+07  1.520814e+00
  1.354688e+07  1.520755e+00  1.355469e+07  1.520697e+00  1.356250e+07  1.520640e+00
  1.357032e+07  1.520582e+00  1.357813e+07  1.520526e+00  1.358594e+07  1.520469e+00
  1.359375e+07  1.520412e+00  1.360157e+07  1.520356e+00  1.360938e+07  1.520301e+00
  1.361719e+07  1.520247e+00  1.362500e+07  1.520192e+00  1.363282e+07  1.520138e+00
  1.364063e+07  1.520084e+00  1.364844e+07  1.520030e+00  1.365625e+07  1.519976e+00
  1.366407e+07  1.519924e+00  1.367188e+07  1.519872e+00  1.367969e+07  1.519819e+00
  1.368750e+07  1.519767e+00  1.369532e+07  1.519717e+00  1.370313e+07  1.519666e+00
  1.371094e+07  1.519616e+00  1.371875e+07  1.519565e+00  1.372657e+07  1.519515e+00
  1.373438e+07  1.519467e+00  1.374219e+07  1.519418e+00  1.375000e+07  1.519369e+00
  1.375782e+07  1.519322e+00  1.376563e+07  1.519274e+00  1.377344e+07  1.519228e+00
  1.378125e+07  1.519182e+00  1.378907e+07  1.519135e+00  1.379688e+07  1.519090e+00
  1.380469e+07  1.519044e+00  1.381250e+07  1.519000e+00  1.382032e+07  1.518955e+00
  1.382813e+07  1.518912e+00  1.383594e+07  1.518868e+00  1.384375e+07  1.518825e+00
  1.385157e+07  1.518782e+00  1.385938e+07  1.518740e+00  1.386719e+07  1.518699e+00
  1.387500e+07  1.518658e+00  1.388282e+07  1.518618e+00  1.389063e+07  1.518577e+00
  1.389844e+07  1.518538e+00  1.390625e+07  1.518498e+00  1.391407e+07  1.518460e+00
  1.392188e+07  1.518422e+00  1.392969e+07  1.518384e+00  1.393750e+07  1.518348e+00
  1.394532e+07  1.518311e+00  1.395313e+07  1.518275e+00  1.396094e+07  1.518239e+00
  1.396875e+07  1.518205e+00  1.397657e+07  1.518170e+00  1.398438e+07  1.518137e+00
  1.399219e+07  1.518105e+00  1.400000e+07  1.518073e+00  1.401563e+07  1.518760e+00
  1.403125e+07  1.519450e+00  1.404688e+07  1.520139e+00  1.406250e+07  1.520830e+00
  1.407813e+07  1.521523e+00  1.409375e+07  1.522215e+00  1.410938e+07  1.522910e+00
  1.412500e+07  1.523605e+00  1.414063e+07  1.524302e+00  1.415625e+07  1.524999e+00
  1.417188e+07  1.525697e+00  1.418750e+07  1.526398e+00  1.420313e+07  1.527099e+00
  1.421875e+07  1.527800e+00  1.423438e+07  1.528503e+00  1.425000e+07  1.529207e+00
  1.426563e+07  1.529912e+00  1.428125e+07  1.530620e+00  1.429688e+07  1.531327e+00
  1.431250e+07  1.532036e+00  1.432813e+07  1.532747e+00  1.434375e+07  1.533457e+00
  1.435938e+07  1.534170e+00  1.437500e+07  1.534883e+00  1.439063e+07  1.535599e+00
  1.440625e+07  1.536315e+00  1.442188e+07  1.537033e+00  1.443750e+07  1.537752e+00
  1.445313e+07  1.538471e+00  1.446875e+07  1.539193e+00  1.448438e+07  1.539915e+00
  1.450000e+07  1.540639e+00  1.451563e+07  1.541436e+00  1.453125e+07  1.542232e+00
  1.454688e+07  1.543030e+00  1.456250e+07  1.543829e+00  1.457813e+07  1.544628e+00
  1.459375e+07  1.545429e+00  1.460938e+07  1.546233e+00  1.462500e+07  1.547036e+00
  1.464063e+07  1.547840e+00  1.465625e+07  1.548646e+00  1.467188e+07  1.549453e+00
  1.468750e+07  1.550260e+00  1.470313e+07  1.551070e+00  1.471875e+07  1.551881e+00
  1.473438e+07  1.552692e+00  1.475000e+07  1.553505e+00  1.476563e+07  1.554320e+00
  1.478125e+07  1.555135e+00  1.479688e+07  1.555951e+00  1.481250e+07  1.556769e+00
  1.482813e+07  1.557588e+00  1.484375e+07  1.558408e+00  1.485938e+07  1.559231e+00
  1.487500e+07  1.560054e+00  1.489063e+07  1.560878e+00  1.490625e+07  1.561703e+00
  1.492188e+07  1.562531e+00  1.493750e+07  1.563358e+00  1.495313e+07  1.564189e+00
  1.496875e+07  1.565020e+00  1.498438e+07  1.565852e+00  1.500000e+07  1.566686e+00
  1.501345e+07  1.567378e+00  1.502689e+07  1.568068e+00  1.504033e+07  1.568760e+00
  1.505377e+07  1.569454e+00  1.506721e+07  1.570147e+00  1.508065e+07  1.570842e+00
  1.509409e+07  1.571536e+00  1.510753e+07  1.572232e+00  1.512097e+07  1.572930e+00
  1.513441e+07  1.573627e+00  1.514785e+07  1.574324e+00  1.516129e+07  1.575024e+00
  1.517473e+07  1.575723e+00  1.518817e+07  1.576425e+00  1.520161e+07  1.577126e+00
  1.521505e+07  1.577828e+00  1.522850e+07  1.578532e+00  1.524194e+07  1.579236e+00
  1.525538e+07  1.579941e+00  1.526882e+07  1.580648e+00  1.528226e+07  1.581354e+00
  1.529570e+07  1.582062e+00  1.530914e+07  1.582770e+00  1.532258e+07  1.583479e+00
  1.533602e+07  1.584189e+00  1.534946e+07  1.584901e+00  1.536290e+07  1.585613e+00
  1.537634e+07  1.586325e+00  1.538978e+07  1.587039e+00  1.540322e+07  1.587754e+00
  1.541666e+07  1.588470e+00  1.543010e+07  1.589186e+00  1.544355e+07  1.589904e+00
  1.545699e+07  1.590622e+00  1.547043e+07  1.591341e+00  1.548387e+07  1.592063e+00
  1.549731e+07  1.592783e+00  1.551075e+07  1.593506e+00  1.552419e+07  1.594229e+00
  1.553763e+07  1.594952e+00  1.555107e+07  1.595679e+00  1.556451e+07  1.596405e+00
  1.557795e+07  1.597131e+00  1.559139e+07  1.597860e+00  1.560483e+07  1.598588e+00
  1.561827e+07  1.599320e+00  1.563171e+07  1.600051e+00  1.564515e+07  1.600783e+00
  1.565860e+07  1.601517e+00  1.567204e+07  1.602251e+00  1.568548e+07  1.602987e+00
  1.569892e+07  1.603724e+00  1.571236e+07  1.604462e+00  1.572580e+07  1.605200e+00
  1.573924e+07  1.605940e+00  1.575268e+07  1.606681e+00  1.576612e+07  1.607424e+00
  1.577956e+07  1.608166e+00  1.579300e+07  1.608911e+00  1.580644e+07  1.609656e+00
  1.581988e+07  1.610403e+00  1.583332e+07  1.611151e+00  1.584676e+07  1.611901e+00
  1.586020e+07  1.612651e+00  1.586894e+07  1.613112e+00  1.587768e+07  1.613572e+00
  1.588642e+07  1.614034e+00  1.589515e+07  1.614496e+00  1.590389e+07  1.614958e+00
  1.591263e+07  1.615420e+00  1.592137e+07  1.615883e+00  1.593010e+07  1.616346e+00
  1.593884e+07  1.616810e+00  1.594758e+07  1.617274e+00  1.595632e+07  1.617739e+00
  1.596505e+07  1.618204e+00  1.597379e+07  1.618670e+00  1.598253e+07  1.619135e+00
  1.599127e+07  1.619602e+00  1.600000e+07  1.620069e+00  1.601037e+07  1.620125e+00
  1.602073e+07  1.620182e+00  1.603109e+07  1.620241e+00  1.604145e+07  1.620297e+00
  1.605181e+07  1.620357e+00  1.606217e+07  1.620416e+00  1.607253e+07  1.620475e+00
  1.608289e+07  1.620536e+00  1.609326e+07  1.620596e+00  1.610362e+07  1.620658e+00
  1.611398e+07  1.620718e+00  1.612434e+07  1.620781e+00  1.613470e+07  1.620843e+00
  1.614506e+07  1.620906e+00  1.615542e+07  1.620970e+00  1.616578e+07  1.621034e+00
  1.617615e+07  1.621098e+00  1.618651e+07  1.621162e+00  1.619687e+07  1.621228e+00
  1.620723e+07  1.621294e+00  1.621759e+07  1.621361e+00  1.622795e+07  1.621428e+00
  1.623831e+07  1.621496e+00  1.624867e+07  1.621563e+00  1.625903e+07  1.621631e+00
  1.626939e+07  1.621701e+00  1.627975e+07  1.621770e+00  1.629011e+07  1.621841e+00
  1.630047e+07  1.621911e+00  1.631083e+07  1.621982e+00  1.632119e+07  1.622054e+00
  1.633155e+07  1.622126e+00  1.634192e+07  1.622199e+00  1.635228e+07  1.622272e+00
  1.636264e+07  1.622346e+00  1.637300e+07  1.622419e+00  1.638336e+07  1.622495e+00
  1.639372e+07  1.622570e+00  1.640408e+07  1.622647e+00  1.641444e+07  1.622723e+00
  1.642481e+07  1.622800e+00  1.643517e+07  1.622879e+00  1.644553e+07  1.622956e+00
  1.645589e+07  1.623035e+00  1.646625e+07  1.623114e+00  1.647661e+07  1.623195e+00
  1.648697e+07  1.623275e+00  1.649733e+07  1.623357e+00  1.650770e+07  1.623438e+00
  1.651806e+07  1.623520e+00  1.652842e+07  1.623603e+00  1.653878e+07  1.623686e+00
  1.654914e+07  1.623771e+00  1.655950e+07  1.623855e+00  1.656986e+07  1.623941e+00
  1.658022e+07  1.624025e+00  1.659058e+07  1.624112e+00  1.660094e+07  1.624199e+00
  1.661130e+07  1.624287e+00  1.662166e+07  1.624376e+00  1.663202e+07  1.624464e+00
  1.664238e+07  1.624553e+00  1.665274e+07  1.624643e+00  1.666310e+07  1.624735e+00
  1.667363e+07  1.624653e+00  1.668416e+07  1.624574e+00  1.669469e+07  1.624492e+00
  1.670522e+07  1.624413e+00  1.671575e+07  1.624334e+00  1.672628e+07  1.624256e+00
  1.673681e+07  1.624178e+00  1.674733e+07  1.624100e+00  1.675786e+07  1.624024e+00
  1.676839e+07  1.623948e+00  1.677892e+07  1.623871e+00  1.678944e+07  1.623797e+00
  1.679997e+07  1.623722e+00  1.681050e+07  1.623649e+00  1.682103e+07  1.623575e+00
  1.683155e+07  1.623503e+00  1.684208e+07  1.623431e+00  1.685261e+07  1.623360e+00
  1.686314e+07  1.623288e+00  1.687367e+07  1.623217e+00  1.688420e+07  1.623148e+00
  1.689473e+07  1.623079e+00  1.690526e+07  1.623010e+00  1.691578e+07  1.622942e+00
  1.692631e+07  1.622875e+00  1.693684e+07  1.622808e+00  1.694737e+07  1.622741e+00
  1.695789e+07  1.622676e+00  1.696842e+07  1.622611e+00  1.697895e+07  1.622547e+00
  1.698948e+07  1.622483e+00  1.700000e+07  1.622419e+00  1.701563e+07  1.622244e+00
  1.703125e+07  1.622069e+00  1.704688e+07  1.621894e+00  1.706250e+07  1.621722e+00
  1.707813e+07  1.621551e+00  1.709375e+07  1.621380e+00  1.710938e+07  1.621210e+00
  1.712500e+07  1.621042e+00  1.714063e+07  1.620874e+00  1.715625e+07  1.620707e+00
  1.717188e+07  1.620542e+00  1.718750e+07  1.620377e+00  1.720313e+07  1.620215e+00
  1.721875e+07  1.620052e+00  1.723438e+07  1.619891e+00  1.725000e+07  1.619732e+00
  1.726563e+07  1.619572e+00  1.728125e+07  1.619414e+00  1.729688e+07  1.619258e+00
  1.731250e+07  1.619103e+00  1.732813e+07  1.618948e+00  1.734375e+07  1.618797e+00
  1.735938e+07  1.618643e+00  1.737500e+07  1.618493e+00  1.739063e+07  1.618343e+00
  1.740625e+07  1.618194e+00  1.742188e+07  1.618048e+00  1.743750e+07  1.617902e+00
  1.745313e+07  1.617756e+00  1.746875e+07  1.617613e+00  1.748438e+07  1.617471e+00
  1.750000e+07  1.617330e+00  1.751563e+07  1.617189e+00  1.753125e+07  1.617051e+00
  1.754688e+07  1.616913e+00  1.756250e+07  1.616777e+00  1.757813e+07  1.616643e+00
  1.759375e+07  1.616509e+00  1.760938e+07  1.616376e+00  1.762500e+07  1.616245e+00
  1.764063e+07  1.616115e+00  1.765625e+07  1.615986e+00  1.767188e+07  1.615860e+00
  1.768750e+07  1.615734e+00  1.770313e+07  1.615610e+00  1.771875e+07  1.615486e+00
  1.773438e+07  1.615364e+00  1.775000e+07  1.615244e+00  1.776563e+07  1.615126e+00
  1.778125e+07  1.615008e+00  1.779688e+07  1.614892e+00  1.781250e+07  1.614776e+00
  1.782813e+07  1.614663e+00  1.784375e+07  1.614552e+00  1.785938e+07  1.614440e+00
  1.787500e+07  1.614330e+00  1.789063e+07  1.614224e+00  1.790625e+07  1.614118e+00
  1.792188e+07  1.614012e+00  1.793750e+07  1.613910e+00  1.795313e+07  1.613808e+00
  1.796875e+07  1.613708e+00  1.798438e+07  1.613610e+00  1.800000e+07  1.613513e+00
  1.801563e+07  1.612715e+00  1.803125e+07  1.611917e+00  1.804688e+07  1.611120e+00
  1.806250e+07  1.610325e+00  1.807813e+07  1.609529e+00  1.809375e+07  1.608736e+00
  1.810938e+07  1.607943e+00  1.812500e+07  1.607150e+00  1.814063e+07  1.606359e+00
  1.815625e+07  1.605570e+00  1.817188e+07  1.604780e+00  1.818750e+07  1.603993e+00
  1.820313e+07  1.603205e+00  1.821875e+07  1.602420e+00  1.823438e+07  1.601635e+00
  1.825000e+07  1.600851e+00  1.826563e+07  1.600067e+00  1.828125e+07  1.599287e+00
  1.829688e+07  1.598504e+00  1.831250e+07  1.597727e+00  1.832813e+07  1.596946e+00
  1.834375e+07  1.596169e+00  1.835938e+07  1.595393e+00  1.837500e+07  1.594617e+00
  1.839063e+07  1.593843e+00  1.840625e+07  1.593070e+00  1.842188e+07  1.592297e+00
  1.843750e+07  1.591528e+00  1.845313e+07  1.590757e+00  1.846875e+07  1.589988e+00
  1.848438e+07  1.589221e+00  1.850000e+07  1.588454e+00  1.851563e+07  1.587690e+00
  1.853125e+07  1.586926e+00  1.854688e+07  1.586162e+00  1.856250e+07  1.585401e+00
  1.857813e+07  1.584640e+00  1.859375e+07  1.583881e+00  1.860938e+07  1.583123e+00
  1.862500e+07  1.582367e+00  1.864063e+07  1.581612e+00  1.865625e+07  1.580858e+00
  1.867188e+07  1.580105e+00  1.868750e+07  1.579354e+00  1.870313e+07  1.578603e+00
  1.871875e+07  1.577855e+00  1.873438e+07  1.577107e+00  1.875000e+07  1.576361e+00
  1.876563e+07  1.575617e+00  1.878125e+07  1.574875e+00  1.879688e+07  1.574132e+00
  1.881250e+07  1.573394e+00  1.882813e+07  1.572654e+00  1.884375e+07  1.571918e+00
  1.885938e+07  1.571183e+00  1.887500e+07  1.570449e+00  1.889063e+07  1.569717e+00
  1.890625e+07  1.568987e+00  1.892188e+07  1.568258e+00  1.893750e+07  1.567531e+00
  1.895313e+07  1.566805e+00  1.896875e+07  1.566083e+00  1.898438e+07  1.565361e+00
  1.900000e+07  1.564642e+00  1.903125e+07  1.562832e+00  1.906250e+07  1.561025e+00
  1.909375e+07  1.559224e+00  1.912500e+07  1.557425e+00  1.915625e+07  1.555630e+00
  1.918750e+07  1.553839e+00  1.921875e+07  1.552054e+00  1.925000e+07  1.550270e+00
  1.928125e+07  1.548492e+00  1.931250e+07  1.546717e+00  1.934375e+07  1.544947e+00
  1.937500e+07  1.543182e+00  1.940625e+07  1.541420e+00  1.943750e+07  1.539663e+00
  1.946875e+07  1.537911e+00  1.950000e+07  1.536162e+00  1.953125e+07  1.534419e+00
  1.956250e+07  1.532680e+00  1.959375e+07  1.530946e+00  1.962500e+07  1.529217e+00
  1.965625e+07  1.527494e+00  1.968750e+07  1.525774e+00  1.971875e+07  1.524061e+00
  1.975000e+07  1.522353e+00  1.978125e+07  1.520649e+00  1.981250e+07  1.518952e+00
  1.984375e+07  1.517259e+00  1.987500e+07  1.515574e+00  1.990625e+07  1.513894e+00
  1.993750e+07  1.512220e+00  1.996875e+07  1.510551e+00  2.000000e+07  1.508888e+00
