G4NDL
ENDF/B-VII.1
             3             3
            16
             0
          1277
  7.000000e+06  0.000000e+00  7.014852e+06  9.973780e-04  7.029703e+06  1.994689e-03
  7.044554e+06  2.992000e-03  7.059405e+06  3.989310e-03  7.074257e+06  4.986688e-03
  7.089108e+06  5.983999e-03  7.103959e+06  6.981310e-03  7.118810e+06  7.978621e-03
  7.133662e+06  8.975999e-03  7.148513e+06  9.973309e-03  7.163364e+06  1.097062e-02
  7.178215e+06  1.196793e-02  7.193067e+06  1.296531e-02  7.207918e+06  1.396262e-02
  7.222769e+06  1.495993e-02  7.237620e+06  1.595724e-02  7.259518e+06  1.742779e-02
  7.281415e+06  1.889827e-02  7.303313e+06  2.036882e-02  7.325210e+06  2.183930e-02
  7.344973e+06  2.842268e-02  7.364735e+06  3.500573e-02  7.384498e+06  4.158911e-02
  7.404260e+06  4.817216e-02  7.424023e+06  5.475554e-02  7.443785e+06  6.133859e-02
  7.463548e+06  6.792197e-02  7.483310e+06  7.450502e-02  7.499457e+06  7.988386e-02
  7.515604e+06  8.526269e-02  7.531751e+06  9.064152e-02  7.547897e+06  9.602002e-02
  7.564044e+06  1.013989e-01  7.580190e+06  1.067774e-01  7.596337e+06  1.121562e-01
  7.612483e+06  1.175347e-01  7.628630e+06  1.229135e-01  7.644776e+06  1.282920e-01
  7.660923e+06  1.336708e-01  7.677069e+06  1.390493e-01  7.693216e+06  1.444282e-01
  7.709362e+06  1.498067e-01  7.725509e+06  1.551855e-01  7.741655e+06  1.605640e-01
  7.757802e+06  1.659428e-01  7.773949e+06  1.713217e-01  7.790096e+06  1.767005e-01
  7.806242e+06  1.820790e-01  7.822389e+06  1.874578e-01  7.838535e+06  1.928363e-01
  7.854682e+06  1.982152e-01  7.870828e+06  2.035937e-01  7.886975e+06  2.089725e-01
  7.903121e+06  2.143510e-01  7.919268e+06  2.197298e-01  7.935414e+06  2.251083e-01
  7.951561e+06  2.304872e-01  7.967707e+06  2.358657e-01  7.983854e+06  2.412445e-01
  8.000000e+06  2.466230e-01  8.005028e+06  2.492172e-01  8.010055e+06  2.518109e-01
  8.015083e+06  2.544051e-01  8.020110e+06  2.569988e-01  8.025138e+06  2.595930e-01
  8.030165e+06  2.621867e-01  8.035192e+06  2.647804e-01  8.040219e+06  2.673741e-01
  8.045247e+06  2.699683e-01  8.050274e+06  2.725620e-01  8.055302e+06  2.751563e-01
  8.060329e+06  2.777500e-01  8.065357e+06  2.803442e-01  8.070384e+06  2.829379e-01
  8.075411e+06  2.855316e-01  8.080438e+06  2.881253e-01  8.085466e+06  2.907195e-01
  8.090493e+06  2.933132e-01  8.095521e+06  2.959074e-01  8.100548e+06  2.985011e-01
  8.105576e+06  3.010953e-01  8.110603e+06  3.036890e-01  8.115630e+06  3.062827e-01
  8.120657e+06  3.088764e-01  8.125685e+06  3.114706e-01  8.130712e+06  3.140643e-01
  8.135739e+06  3.166580e-01  8.140766e+06  3.192517e-01  8.145794e+06  3.218459e-01
  8.150821e+06  3.244396e-01  8.155848e+06  3.270333e-01  8.160875e+06  3.296270e-01
  8.165903e+06  3.322212e-01  8.170930e+06  3.348149e-01  8.175958e+06  3.374091e-01
  8.180985e+06  3.400028e-01  8.186013e+06  3.425970e-01  8.191040e+06  3.451907e-01
  8.196067e+06  3.477844e-01  8.201094e+06  3.503781e-01  8.206122e+06  3.529723e-01
  8.211149e+06  3.555660e-01  8.216177e+06  3.581603e-01  8.221204e+06  3.607540e-01
  8.226232e+06  3.633482e-01  8.231259e+06  3.659419e-01  8.236286e+06  3.685356e-01
  8.241313e+06  3.711293e-01  8.246341e+06  3.737235e-01  8.251368e+06  3.763172e-01
  8.256396e+06  3.789114e-01  8.261423e+06  3.815051e-01  8.266451e+06  3.840993e-01
  8.271478e+06  3.866930e-01  8.276505e+06  3.892867e-01  8.281532e+06  3.918804e-01
  8.286560e+06  3.944746e-01  8.291587e+06  3.970683e-01  8.296614e+06  3.996620e-01
  8.301641e+06  4.022557e-01  8.306669e+06  4.048499e-01  8.311696e+06  4.074436e-01
  8.316723e+06  4.100373e-01  8.321750e+06  4.126310e-01  8.326861e+06  4.148612e-01
  8.331971e+06  4.170910e-01  8.337082e+06  4.193212e-01  8.342192e+06  4.215510e-01
  8.347303e+06  4.237813e-01  8.352413e+06  4.260111e-01  8.357523e+06  4.282408e-01
  8.362633e+06  4.304706e-01  8.367744e+06  4.327009e-01  8.372854e+06  4.349307e-01
  8.377964e+06  4.371604e-01  8.383074e+06  4.393902e-01  8.388185e+06  4.416205e-01
  8.393295e+06  4.438503e-01  8.398405e+06  4.460800e-01  8.403515e+06  4.483098e-01
  8.408626e+06  4.505401e-01  8.413736e+06  4.527699e-01  8.418847e+06  4.550001e-01
  8.423957e+06  4.572299e-01  8.429068e+06  4.594601e-01  8.434178e+06  4.616899e-01
  8.439288e+06  4.639197e-01  8.444398e+06  4.661495e-01  8.449509e+06  4.683797e-01
  8.454619e+06  4.706095e-01  8.459729e+06  4.728393e-01  8.464839e+06  4.750691e-01
  8.469950e+06  4.772993e-01  8.475060e+06  4.795291e-01  8.480170e+06  4.817589e-01
  8.485280e+06  4.839887e-01  8.493323e+06  4.874983e-01  8.501365e+06  4.910075e-01
  8.509408e+06  4.945171e-01  8.517450e+06  4.980263e-01  8.525493e+06  5.015359e-01
  8.533535e+06  5.050451e-01  8.541578e+06  5.085548e-01  8.549620e+06  5.120640e-01
  8.557663e+06  5.155736e-01  8.565705e+06  5.190828e-01  8.573748e+06  5.225924e-01
  8.581790e+06  5.261016e-01  8.589833e+06  5.296112e-01  8.597875e+06  5.331204e-01
  8.605918e+06  5.366301e-01  8.613960e+06  5.401393e-01  8.622003e+06  5.436489e-01
  8.630045e+06  5.471581e-01  8.638088e+06  5.506677e-01  8.646130e+06  5.541769e-01
  8.654173e+06  5.576865e-01  8.662215e+06  5.611957e-01  8.670258e+06  5.647053e-01
  8.678300e+06  5.682145e-01  8.686343e+06  5.717242e-01  8.694385e+06  5.752334e-01
  8.702428e+06  5.787430e-01  8.710470e+06  5.822522e-01  8.718513e+06  5.857618e-01
  8.726555e+06  5.892710e-01  8.734598e+06  5.927806e-01  8.742640e+06  5.962898e-01
  8.750683e+06  5.997995e-01  8.758725e+06  6.033087e-01  8.766768e+06  6.068183e-01
  8.774810e+06  6.103275e-01  8.782853e+06  6.138371e-01  8.790895e+06  6.173463e-01
  8.798938e+06  6.208559e-01  8.806980e+06  6.243651e-01  8.815023e+06  6.278748e-01
  8.823065e+06  6.313839e-01  8.831108e+06  6.348936e-01  8.839150e+06  6.384028e-01
  8.847193e+06  6.419124e-01  8.855235e+06  6.454216e-01  8.863278e+06  6.489312e-01
  8.871320e+06  6.524404e-01  8.879363e+06  6.559500e-01  8.887405e+06  6.594592e-01
  8.895448e+06  6.629689e-01  8.903490e+06  6.664781e-01  8.911533e+06  6.699877e-01
  8.919575e+06  6.734969e-01  8.927618e+06  6.770065e-01  8.935660e+06  6.805157e-01
  8.943703e+06  6.840253e-01  8.951745e+06  6.875345e-01  8.959788e+06  6.910442e-01
  8.967830e+06  6.945534e-01  8.975873e+06  6.980630e-01  8.983915e+06  7.015722e-01
  8.991958e+06  7.050818e-01  9.000000e+06  7.085910e-01  9.007607e+06  7.107013e-01
  9.015214e+06  7.128117e-01  9.022821e+06  7.149220e-01  9.030427e+06  7.170321e-01
  9.038034e+06  7.191425e-01  9.045641e+06  7.212528e-01  9.053248e+06  7.233632e-01
  9.060854e+06  7.254732e-01  9.068461e+06  7.275836e-01  9.076068e+06  7.296939e-01
  9.083675e+06  7.318043e-01  9.091281e+06  7.339144e-01  9.098888e+06  7.360247e-01
  9.106495e+06  7.381351e-01  9.114102e+06  7.402454e-01  9.121708e+06  7.423555e-01
  9.129315e+06  7.444658e-01  9.136922e+06  7.465762e-01  9.144529e+06  7.486865e-01
  9.152135e+06  7.507966e-01  9.159742e+06  7.529069e-01  9.167349e+06  7.550173e-01
  9.174956e+06  7.571276e-01  9.182562e+06  7.592377e-01  9.190169e+06  7.613481e-01
  9.197776e+06  7.634584e-01  9.205383e+06  7.655688e-01  9.212989e+06  7.676788e-01
  9.220596e+06  7.697892e-01  9.228202e+06  7.718993e-01  9.235809e+06  7.740096e-01
  9.243415e+06  7.761197e-01  9.251022e+06  7.782300e-01  9.258629e+06  7.803404e-01
  9.266236e+06  7.824507e-01  9.273842e+06  7.845608e-01  9.281449e+06  7.866711e-01
  9.289056e+06  7.887815e-01  9.296663e+06  7.908918e-01  9.304269e+06  7.930019e-01
  9.311876e+06  7.951123e-01  9.319483e+06  7.972226e-01  9.327090e+06  7.993330e-01
  9.334696e+06  8.014430e-01  9.342303e+06  8.035534e-01  9.349910e+06  8.056637e-01
  9.357517e+06  8.077741e-01  9.365123e+06  8.098842e-01  9.372730e+06  8.119945e-01
  9.380337e+06  8.141049e-01  9.387944e+06  8.162152e-01  9.395550e+06  8.183253e-01
  9.403157e+06  8.204356e-01  9.410764e+06  8.225460e-01  9.418371e+06  8.246563e-01
  9.425977e+06  8.267664e-01  9.433584e+06  8.288767e-01  9.441191e+06  8.309871e-01
  9.448798e+06  8.330974e-01  9.456404e+06  8.352075e-01  9.464011e+06  8.373179e-01
  9.471617e+06  8.394279e-01  9.479224e+06  8.415383e-01  9.486830e+06  8.436484e-01
  9.494849e+06  8.458730e-01  9.502867e+06  8.480974e-01  9.510886e+06  8.503220e-01
  9.518904e+06  8.525464e-01  9.526923e+06  8.547710e-01  9.534941e+06  8.569954e-01
  9.542959e+06  8.592198e-01  9.550977e+06  8.614441e-01  9.558996e+06  8.636688e-01
  9.567014e+06  8.658932e-01  9.575032e+06  8.681175e-01  9.583050e+06  8.703419e-01
  9.591069e+06  8.725665e-01  9.599087e+06  8.747909e-01  9.607105e+06  8.770153e-01
  9.615123e+06  8.792397e-01  9.623142e+06  8.814643e-01  9.631160e+06  8.836887e-01
  9.639178e+06  8.859130e-01  9.647196e+06  8.881374e-01  9.655215e+06  8.903621e-01
  9.663233e+06  8.925864e-01  9.671251e+06  8.948108e-01  9.679269e+06  8.970352e-01
  9.687288e+06  8.992598e-01  9.695306e+06  9.014842e-01  9.703324e+06  9.037086e-01
  9.711342e+06  9.059329e-01  9.719361e+06  9.081576e-01  9.727379e+06  9.103819e-01
  9.735397e+06  9.126063e-01  9.743415e+06  9.148307e-01  9.751434e+06  9.170553e-01
  9.759452e+06  9.192797e-01  9.767471e+06  9.215043e-01  9.775489e+06  9.237287e-01
  9.783508e+06  9.259534e-01  9.791526e+06  9.281777e-01  9.799544e+06  9.304021e-01
  9.807562e+06  9.326265e-01  9.815581e+06  9.348511e-01  9.823599e+06  9.370755e-01
  9.831617e+06  9.392999e-01  9.839635e+06  9.415242e-01  9.847654e+06  9.437489e-01
  9.855672e+06  9.459732e-01  9.863690e+06  9.481976e-01  9.871708e+06  9.504220e-01
  9.879727e+06  9.526466e-01  9.887745e+06  9.548710e-01  9.895763e+06  9.570954e-01
  9.903781e+06  9.593197e-01  9.911800e+06  9.615444e-01  9.919818e+06  9.637687e-01
  9.927836e+06  9.659931e-01  9.935854e+06  9.682175e-01  9.943873e+06  9.704421e-01
  9.951891e+06  9.726665e-01  9.959909e+06  9.748909e-01  9.967927e+06  9.771152e-01
  9.975946e+06  9.793399e-01  9.983964e+06  9.815643e-01  9.991982e+06  9.837886e-01
  1.000000e+07  9.860130e-01  1.000763e+07  9.869744e-01  1.001526e+07  9.879359e-01
  1.002289e+07  9.888973e-01  1.003051e+07  9.898575e-01  1.003814e+07  9.908189e-01
  1.004577e+07  9.917803e-01  1.005340e+07  9.927418e-01  1.006102e+07  9.937019e-01
  1.006865e+07  9.946634e-01  1.007628e+07  9.956248e-01  1.008391e+07  9.965862e-01
  1.009153e+07  9.975464e-01  1.009916e+07  9.985079e-01  1.010678e+07  9.994680e-01
  1.011441e+07  1.000429e+00  1.012203e+07  1.001390e+00  1.012966e+07  1.002351e+00
  1.013729e+07  1.003313e+00  1.014492e+07  1.004274e+00  1.015254e+07  1.005234e+00
  1.016017e+07  1.006196e+00  1.016779e+07  1.007156e+00  1.017542e+07  1.008117e+00
  1.018304e+07  1.009077e+00  1.019067e+07  1.010039e+00  1.019830e+07  1.011000e+00
  1.020593e+07  1.011962e+00  1.021355e+07  1.012922e+00  1.022118e+07  1.013883e+00
  1.022880e+07  1.014843e+00  1.023643e+07  1.015805e+00  1.024405e+07  1.016765e+00
  1.025168e+07  1.017726e+00  1.025931e+07  1.018688e+00  1.026694e+07  1.019649e+00
  1.027456e+07  1.020609e+00  1.028219e+07  1.021571e+00  1.028982e+07  1.022532e+00
  1.029745e+07  1.023494e+00  1.030507e+07  1.024454e+00  1.031270e+07  1.025415e+00
  1.032033e+07  1.026377e+00  1.032796e+07  1.027338e+00  1.033558e+07  1.028298e+00
  1.034321e+07  1.029260e+00  1.035083e+07  1.030220e+00  1.035846e+07  1.031181e+00
  1.036608e+07  1.032142e+00  1.037371e+07  1.033103e+00  1.038134e+07  1.034065e+00
  1.038897e+07  1.035026e+00  1.039659e+07  1.035986e+00  1.040422e+07  1.036948e+00
  1.041184e+07  1.037908e+00  1.041947e+07  1.038869e+00  1.042709e+07  1.039829e+00
  1.043472e+07  1.040791e+00  1.044235e+07  1.041752e+00  1.044998e+07  1.042714e+00
  1.045760e+07  1.043674e+00  1.046523e+07  1.044635e+00  1.047285e+07  1.045595e+00
  1.048048e+07  1.046557e+00  1.048810e+07  1.047517e+00  1.049610e+07  1.048525e+00
  1.050410e+07  1.049533e+00  1.051210e+07  1.050541e+00  1.052010e+07  1.051549e+00
  1.052810e+07  1.052557e+00  1.053610e+07  1.053565e+00  1.054410e+07  1.054573e+00
  1.055209e+07  1.055580e+00  1.056009e+07  1.056588e+00  1.056809e+07  1.057596e+00
  1.057609e+07  1.058604e+00  1.058409e+07  1.059612e+00  1.059209e+07  1.060620e+00
  1.060009e+07  1.061629e+00  1.060809e+07  1.062637e+00  1.061608e+07  1.063643e+00
  1.062408e+07  1.064651e+00  1.063208e+07  1.065660e+00  1.064008e+07  1.066668e+00
  1.064808e+07  1.067676e+00  1.065608e+07  1.068684e+00  1.066408e+07  1.069692e+00
  1.067208e+07  1.070700e+00  1.068007e+07  1.071707e+00  1.068807e+07  1.072715e+00
  1.069607e+07  1.073723e+00  1.070407e+07  1.074731e+00  1.071206e+07  1.075738e+00
  1.072006e+07  1.076746e+00  1.072806e+07  1.077754e+00  1.073606e+07  1.078762e+00
  1.074405e+07  1.079769e+00  1.075205e+07  1.080777e+00  1.076005e+07  1.081785e+00
  1.076805e+07  1.082793e+00  1.077605e+07  1.083801e+00  1.078405e+07  1.084809e+00
  1.079205e+07  1.085817e+00  1.080005e+07  1.086825e+00  1.080804e+07  1.087832e+00
  1.081604e+07  1.088840e+00  1.082404e+07  1.089848e+00  1.083204e+07  1.090856e+00
  1.084004e+07  1.091864e+00  1.084804e+07  1.092872e+00  1.085604e+07  1.093880e+00
  1.086404e+07  1.094888e+00  1.087203e+07  1.095895e+00  1.088003e+07  1.096903e+00
  1.088803e+07  1.097911e+00  1.089603e+07  1.098919e+00  1.090403e+07  1.099927e+00
  1.091203e+07  1.100935e+00  1.092003e+07  1.101943e+00  1.092803e+07  1.102951e+00
  1.093602e+07  1.103958e+00  1.094402e+07  1.104966e+00  1.095202e+07  1.105974e+00
  1.096002e+07  1.106982e+00  1.096801e+07  1.107989e+00  1.097601e+07  1.108997e+00
  1.098401e+07  1.110005e+00  1.099201e+07  1.111013e+00  1.100000e+07  1.112020e+00
  1.100782e+07  1.112423e+00  1.101563e+07  1.112825e+00  1.102344e+07  1.113227e+00
  1.103125e+07  1.113630e+00  1.103907e+07  1.114032e+00  1.104688e+07  1.114435e+00
  1.105469e+07  1.114837e+00  1.106250e+07  1.115239e+00  1.107032e+07  1.115642e+00
  1.107813e+07  1.116044e+00  1.108594e+07  1.116447e+00  1.109375e+07  1.116849e+00
  1.110157e+07  1.117252e+00  1.110938e+07  1.117654e+00  1.111719e+07  1.118056e+00
  1.112500e+07  1.118459e+00  1.113282e+07  1.118862e+00  1.114063e+07  1.119264e+00
  1.114844e+07  1.119666e+00  1.115625e+07  1.120068e+00  1.116407e+07  1.120471e+00
  1.117188e+07  1.120874e+00  1.117969e+07  1.121276e+00  1.118750e+07  1.121678e+00
  1.119532e+07  1.122081e+00  1.120313e+07  1.122483e+00  1.121094e+07  1.122886e+00
  1.121875e+07  1.123288e+00  1.122657e+07  1.123691e+00  1.123438e+07  1.124093e+00
  1.124219e+07  1.124495e+00  1.125000e+07  1.124898e+00  1.125782e+07  1.125300e+00
  1.126563e+07  1.125703e+00  1.127344e+07  1.126105e+00  1.128125e+07  1.126507e+00
  1.128907e+07  1.126910e+00  1.129688e+07  1.127312e+00  1.130469e+07  1.127715e+00
  1.131250e+07  1.128117e+00  1.132032e+07  1.128520e+00  1.132813e+07  1.128922e+00
  1.133594e+07  1.129324e+00  1.134375e+07  1.129727e+00  1.135157e+07  1.130129e+00
  1.135938e+07  1.130532e+00  1.136719e+07  1.130934e+00  1.137500e+07  1.131336e+00
  1.138282e+07  1.131739e+00  1.139063e+07  1.132141e+00  1.139844e+07  1.132544e+00
  1.140625e+07  1.132946e+00  1.141407e+07  1.133349e+00  1.142188e+07  1.133751e+00
  1.142969e+07  1.134153e+00  1.143750e+07  1.134556e+00  1.144532e+07  1.134958e+00
  1.145313e+07  1.135361e+00  1.146094e+07  1.135763e+00  1.146875e+07  1.136165e+00
  1.147657e+07  1.136568e+00  1.148438e+07  1.136970e+00  1.149219e+07  1.137373e+00
  1.150000e+07  1.137775e+00  1.150782e+07  1.138178e+00  1.151563e+07  1.138580e+00
  1.152344e+07  1.138982e+00  1.153125e+07  1.139385e+00  1.153907e+07  1.139787e+00
  1.154688e+07  1.140190e+00  1.155469e+07  1.140592e+00  1.156250e+07  1.140994e+00
  1.157032e+07  1.141397e+00  1.157813e+07  1.141799e+00  1.158594e+07  1.142202e+00
  1.159375e+07  1.142604e+00  1.160157e+07  1.143007e+00  1.160938e+07  1.143409e+00
  1.161719e+07  1.143811e+00  1.162500e+07  1.144214e+00  1.163282e+07  1.144617e+00
  1.164063e+07  1.145019e+00  1.164844e+07  1.145421e+00  1.165625e+07  1.145823e+00
  1.166407e+07  1.146226e+00  1.167188e+07  1.146629e+00  1.167969e+07  1.147031e+00
  1.168750e+07  1.147433e+00  1.169532e+07  1.147836e+00  1.170313e+07  1.148238e+00
  1.171094e+07  1.148641e+00  1.171875e+07  1.149043e+00  1.172657e+07  1.149446e+00
  1.173438e+07  1.149848e+00  1.174219e+07  1.150250e+00  1.175000e+07  1.150653e+00
  1.175782e+07  1.151055e+00  1.176563e+07  1.151458e+00  1.177344e+07  1.151860e+00
  1.178125e+07  1.152262e+00  1.178907e+07  1.152665e+00  1.179688e+07  1.153067e+00
  1.180469e+07  1.153470e+00  1.181250e+07  1.153872e+00  1.182032e+07  1.154275e+00
  1.182813e+07  1.154677e+00  1.183594e+07  1.155079e+00  1.184375e+07  1.155482e+00
  1.185157e+07  1.155884e+00  1.185938e+07  1.156287e+00  1.186719e+07  1.156689e+00
  1.187500e+07  1.157091e+00  1.188282e+07  1.157494e+00  1.189063e+07  1.157896e+00
  1.189844e+07  1.158299e+00  1.190625e+07  1.158701e+00  1.191407e+07  1.159104e+00
  1.192188e+07  1.159506e+00  1.192969e+07  1.159908e+00  1.193750e+07  1.160311e+00
  1.194532e+07  1.160713e+00  1.195313e+07  1.161116e+00  1.196094e+07  1.161518e+00
  1.196875e+07  1.161920e+00  1.197657e+07  1.162323e+00  1.198438e+07  1.162725e+00
  1.199219e+07  1.163128e+00  1.200000e+07  1.163530e+00  1.200686e+07  1.163941e+00
  1.201371e+07  1.164351e+00  1.202056e+07  1.164761e+00  1.202741e+07  1.165172e+00
  1.203427e+07  1.165582e+00  1.204112e+07  1.165993e+00  1.204797e+07  1.166403e+00
  1.205482e+07  1.166813e+00  1.206168e+07  1.167224e+00  1.206853e+07  1.167634e+00
  1.207538e+07  1.168045e+00  1.208223e+07  1.168455e+00  1.208909e+07  1.168866e+00
  1.209594e+07  1.169276e+00  1.210279e+07  1.169686e+00  1.210964e+07  1.170096e+00
  1.211650e+07  1.170507e+00  1.212335e+07  1.170917e+00  1.213020e+07  1.171328e+00
  1.213705e+07  1.171738e+00  1.214391e+07  1.172149e+00  1.215076e+07  1.172559e+00
  1.215761e+07  1.172969e+00  1.216446e+07  1.173380e+00  1.217132e+07  1.173790e+00
  1.217817e+07  1.174201e+00  1.218502e+07  1.174611e+00  1.219187e+07  1.175021e+00
  1.219873e+07  1.175432e+00  1.220558e+07  1.175842e+00  1.221243e+07  1.176253e+00
  1.221928e+07  1.176663e+00  1.222614e+07  1.177074e+00  1.223299e+07  1.177484e+00
  1.223984e+07  1.177894e+00  1.224669e+07  1.178304e+00  1.225355e+07  1.178715e+00
  1.226040e+07  1.179125e+00  1.226725e+07  1.179536e+00  1.227410e+07  1.179946e+00
  1.228096e+07  1.180357e+00  1.228781e+07  1.180767e+00  1.229466e+07  1.181177e+00
  1.230151e+07  1.181588e+00  1.230837e+07  1.181998e+00  1.231522e+07  1.182409e+00
  1.232207e+07  1.182819e+00  1.232892e+07  1.183229e+00  1.233578e+07  1.183640e+00
  1.234263e+07  1.184050e+00  1.234948e+07  1.184461e+00  1.235633e+07  1.184871e+00
  1.236319e+07  1.185282e+00  1.237004e+07  1.185692e+00  1.237689e+07  1.186102e+00
  1.238374e+07  1.186512e+00  1.239060e+07  1.186923e+00  1.239745e+07  1.187333e+00
  1.240430e+07  1.187744e+00  1.241115e+07  1.188154e+00  1.241800e+07  1.188564e+00
  1.242485e+07  1.188974e+00  1.243170e+07  1.189385e+00  1.243855e+07  1.189795e+00
  1.244541e+07  1.190206e+00  1.245226e+07  1.190616e+00  1.245911e+07  1.191026e+00
  1.246596e+07  1.191437e+00  1.247282e+07  1.191847e+00  1.247967e+07  1.192258e+00
  1.248652e+07  1.192668e+00  1.249337e+07  1.193078e+00  1.250023e+07  1.193489e+00
  1.250708e+07  1.193899e+00  1.251393e+07  1.194310e+00  1.252078e+07  1.194720e+00
  1.252764e+07  1.195131e+00  1.253449e+07  1.195541e+00  1.254134e+07  1.195951e+00
  1.254819e+07  1.196361e+00  1.255505e+07  1.196772e+00  1.256190e+07  1.197182e+00
  1.256875e+07  1.197593e+00  1.257560e+07  1.198003e+00  1.258246e+07  1.198414e+00
  1.258931e+07  1.198824e+00  1.259616e+07  1.199234e+00  1.260301e+07  1.199645e+00
  1.260987e+07  1.200055e+00  1.261672e+07  1.200466e+00  1.262357e+07  1.200876e+00
  1.263042e+07  1.201286e+00  1.263728e+07  1.201697e+00  1.264413e+07  1.202107e+00
  1.265098e+07  1.202518e+00  1.265783e+07  1.202928e+00  1.266469e+07  1.203339e+00
  1.267154e+07  1.203749e+00  1.267839e+07  1.204159e+00  1.268524e+07  1.204569e+00
  1.269210e+07  1.204980e+00  1.269895e+07  1.205390e+00  1.270580e+07  1.205801e+00
  1.271265e+07  1.206211e+00  1.271951e+07  1.206622e+00  1.272636e+07  1.207032e+00
  1.273321e+07  1.207442e+00  1.274006e+07  1.207853e+00  1.274692e+07  1.208263e+00
  1.275377e+07  1.208674e+00  1.276062e+07  1.209084e+00  1.276747e+07  1.209494e+00
  1.277433e+07  1.209905e+00  1.278118e+07  1.210315e+00  1.278803e+07  1.210726e+00
  1.279488e+07  1.211136e+00  1.280174e+07  1.211547e+00  1.280859e+07  1.211957e+00
  1.281544e+07  1.212367e+00  1.282229e+07  1.212777e+00  1.282915e+07  1.213188e+00
  1.283600e+07  1.213598e+00  1.284285e+07  1.214009e+00  1.284970e+07  1.214419e+00
  1.285655e+07  1.214829e+00  1.286340e+07  1.215239e+00  1.287025e+07  1.215650e+00
  1.287710e+07  1.216060e+00  1.288479e+07  1.216477e+00  1.289247e+07  1.216894e+00
  1.290015e+07  1.217311e+00  1.290783e+07  1.217728e+00  1.291551e+07  1.218145e+00
  1.292319e+07  1.218561e+00  1.293087e+07  1.218978e+00  1.293855e+07  1.219395e+00
  1.294624e+07  1.219812e+00  1.295392e+07  1.220229e+00  1.296160e+07  1.220646e+00
  1.296928e+07  1.221063e+00  1.297696e+07  1.221480e+00  1.298464e+07  1.221896e+00
  1.299232e+07  1.222313e+00  1.300000e+07  1.222730e+00  1.300782e+07  1.223083e+00
  1.301563e+07  1.223436e+00  1.302344e+07  1.223789e+00  1.303125e+07  1.224142e+00
  1.303907e+07  1.224495e+00  1.304688e+07  1.224848e+00  1.305469e+07  1.225201e+00
  1.306250e+07  1.225554e+00  1.307032e+07  1.225907e+00  1.307813e+07  1.226260e+00
  1.308594e+07  1.226613e+00  1.309375e+07  1.226966e+00  1.310157e+07  1.227319e+00
  1.310938e+07  1.227672e+00  1.311719e+07  1.228025e+00  1.312500e+07  1.228378e+00
  1.313282e+07  1.228731e+00  1.314063e+07  1.229084e+00  1.314844e+07  1.229437e+00
  1.315625e+07  1.229789e+00  1.316407e+07  1.230143e+00  1.317188e+07  1.230496e+00
  1.317969e+07  1.230848e+00  1.318750e+07  1.231201e+00  1.319532e+07  1.231555e+00
  1.320313e+07  1.231907e+00  1.321094e+07  1.232260e+00  1.321875e+07  1.232613e+00
  1.322657e+07  1.232966e+00  1.323438e+07  1.233319e+00  1.324219e+07  1.233672e+00
  1.325000e+07  1.234025e+00  1.325782e+07  1.234378e+00  1.326563e+07  1.234731e+00
  1.327344e+07  1.235084e+00  1.328125e+07  1.235437e+00  1.328907e+07  1.235790e+00
  1.329688e+07  1.236143e+00  1.330469e+07  1.236496e+00  1.331250e+07  1.236849e+00
  1.332032e+07  1.237202e+00  1.332813e+07  1.237555e+00  1.333594e+07  1.237908e+00
  1.334375e+07  1.238261e+00  1.335157e+07  1.238614e+00  1.335938e+07  1.238967e+00
  1.336719e+07  1.239320e+00  1.337500e+07  1.239673e+00  1.338282e+07  1.240026e+00
  1.339063e+07  1.240379e+00  1.339844e+07  1.240732e+00  1.340625e+07  1.241084e+00
  1.341407e+07  1.241438e+00  1.342188e+07  1.241791e+00  1.342969e+07  1.242143e+00
  1.343750e+07  1.242496e+00  1.344532e+07  1.242850e+00  1.345313e+07  1.243202e+00
  1.346094e+07  1.243555e+00  1.346875e+07  1.243908e+00  1.347657e+07  1.244261e+00
  1.348438e+07  1.244614e+00  1.349219e+07  1.244967e+00  1.350000e+07  1.245320e+00
  1.350782e+07  1.245673e+00  1.351563e+07  1.246026e+00  1.352344e+07  1.246379e+00
  1.353125e+07  1.246732e+00  1.353907e+07  1.247085e+00  1.354688e+07  1.247438e+00
  1.355469e+07  1.247791e+00  1.356250e+07  1.248144e+00  1.357032e+07  1.248497e+00
  1.357813e+07  1.248850e+00  1.358594e+07  1.249203e+00  1.359375e+07  1.249556e+00
  1.360157e+07  1.249909e+00  1.360938e+07  1.250262e+00  1.361719e+07  1.250615e+00
  1.362500e+07  1.250968e+00  1.363282e+07  1.251321e+00  1.364063e+07  1.251674e+00
  1.364844e+07  1.252027e+00  1.365625e+07  1.252379e+00  1.366407e+07  1.252733e+00
  1.367188e+07  1.253086e+00  1.367969e+07  1.253438e+00  1.368750e+07  1.253791e+00
  1.369532e+07  1.254145e+00  1.370313e+07  1.254497e+00  1.371094e+07  1.254850e+00
  1.371875e+07  1.255203e+00  1.372657e+07  1.255556e+00  1.373438e+07  1.255909e+00
  1.374219e+07  1.256262e+00  1.375000e+07  1.256615e+00  1.375782e+07  1.256968e+00
  1.376563e+07  1.257321e+00  1.377344e+07  1.257674e+00  1.378125e+07  1.258027e+00
  1.378907e+07  1.258380e+00  1.379688e+07  1.258733e+00  1.380469e+07  1.259086e+00
  1.381250e+07  1.259439e+00  1.382032e+07  1.259792e+00  1.382813e+07  1.260145e+00
  1.383594e+07  1.260498e+00  1.384375e+07  1.260851e+00  1.385157e+07  1.261204e+00
  1.385938e+07  1.261557e+00  1.386719e+07  1.261910e+00  1.387500e+07  1.262263e+00
  1.388282e+07  1.262616e+00  1.389063e+07  1.262969e+00  1.389844e+07  1.263322e+00
  1.390625e+07  1.263674e+00  1.391407e+07  1.264028e+00  1.392188e+07  1.264381e+00
  1.392969e+07  1.264733e+00  1.393750e+07  1.265086e+00  1.394532e+07  1.265440e+00
  1.395313e+07  1.265792e+00  1.396094e+07  1.266145e+00  1.396875e+07  1.266498e+00
  1.397657e+07  1.266851e+00  1.398438e+07  1.267204e+00  1.399219e+07  1.267557e+00
  1.400000e+07  1.267910e+00  1.401563e+07  1.268967e+00  1.403125e+07  1.270024e+00
  1.404688e+07  1.271081e+00  1.406250e+07  1.272138e+00  1.407813e+07  1.273195e+00
  1.409375e+07  1.274251e+00  1.410938e+07  1.275308e+00  1.412500e+07  1.276365e+00
  1.414063e+07  1.277422e+00  1.415625e+07  1.278479e+00  1.417188e+07  1.279536e+00
  1.418750e+07  1.280593e+00  1.420313e+07  1.281650e+00  1.421875e+07  1.282706e+00
  1.423438e+07  1.283763e+00  1.425000e+07  1.284820e+00  1.426563e+07  1.285877e+00
  1.428125e+07  1.286934e+00  1.429688e+07  1.287991e+00  1.431250e+07  1.289048e+00
  1.432813e+07  1.290105e+00  1.434375e+07  1.291161e+00  1.435938e+07  1.292218e+00
  1.437500e+07  1.293275e+00  1.439063e+07  1.294332e+00  1.440625e+07  1.295389e+00
  1.442188e+07  1.296446e+00  1.443750e+07  1.297503e+00  1.445313e+07  1.298560e+00
  1.446875e+07  1.299616e+00  1.448438e+07  1.300673e+00  1.450000e+07  1.301730e+00
  1.451563e+07  1.302868e+00  1.453125e+07  1.304004e+00  1.454688e+07  1.305142e+00
  1.456250e+07  1.306279e+00  1.457813e+07  1.307416e+00  1.459375e+07  1.308553e+00
  1.460938e+07  1.309691e+00  1.462500e+07  1.310828e+00  1.464063e+07  1.311965e+00
  1.465625e+07  1.313102e+00  1.467188e+07  1.314239e+00  1.468750e+07  1.315376e+00
  1.470313e+07  1.316514e+00  1.471875e+07  1.317651e+00  1.473438e+07  1.318788e+00
  1.475000e+07  1.319925e+00  1.476563e+07  1.321063e+00  1.478125e+07  1.322199e+00
  1.479688e+07  1.323337e+00  1.481250e+07  1.324474e+00  1.482813e+07  1.325611e+00
  1.484375e+07  1.326748e+00  1.485938e+07  1.327886e+00  1.487500e+07  1.329023e+00
  1.489063e+07  1.330160e+00  1.490625e+07  1.331297e+00  1.492188e+07  1.332434e+00
  1.493750e+07  1.333571e+00  1.495313e+07  1.334709e+00  1.496875e+07  1.335846e+00
  1.498438e+07  1.336983e+00  1.500000e+07  1.338120e+00  1.501345e+07  1.339037e+00
  1.502689e+07  1.339953e+00  1.504033e+07  1.340869e+00  1.505377e+07  1.341786e+00
  1.506721e+07  1.342702e+00  1.508065e+07  1.343618e+00  1.509409e+07  1.344534e+00
  1.510753e+07  1.345450e+00  1.512097e+07  1.346367e+00  1.513441e+07  1.347283e+00
  1.514785e+07  1.348199e+00  1.516129e+07  1.349115e+00  1.517473e+07  1.350031e+00
  1.518817e+07  1.350948e+00  1.520161e+07  1.351864e+00  1.521505e+07  1.352780e+00
  1.522850e+07  1.353697e+00  1.524194e+07  1.354613e+00  1.525538e+07  1.355529e+00
  1.526882e+07  1.356446e+00  1.528226e+07  1.357362e+00  1.529570e+07  1.358278e+00
  1.530914e+07  1.359194e+00  1.532258e+07  1.360110e+00  1.533602e+07  1.361027e+00
  1.534946e+07  1.361943e+00  1.536290e+07  1.362859e+00  1.537634e+07  1.363775e+00
  1.538978e+07  1.364691e+00  1.540322e+07  1.365608e+00  1.541666e+07  1.366524e+00
  1.543010e+07  1.367440e+00  1.544355e+07  1.368357e+00  1.545699e+07  1.369273e+00
  1.547043e+07  1.370189e+00  1.548387e+07  1.371106e+00  1.549731e+07  1.372022e+00
  1.551075e+07  1.372938e+00  1.552419e+07  1.373854e+00  1.553763e+07  1.374770e+00
  1.555107e+07  1.375687e+00  1.556451e+07  1.376603e+00  1.557795e+07  1.377519e+00
  1.559139e+07  1.378435e+00  1.560483e+07  1.379351e+00  1.561827e+07  1.380268e+00
  1.563171e+07  1.381184e+00  1.564515e+07  1.382100e+00  1.565860e+07  1.383017e+00
  1.567204e+07  1.383933e+00  1.568548e+07  1.384849e+00  1.569892e+07  1.385766e+00
  1.571236e+07  1.386682e+00  1.572580e+07  1.387598e+00  1.573924e+07  1.388514e+00
  1.575268e+07  1.389430e+00  1.576612e+07  1.390347e+00  1.577956e+07  1.391263e+00
  1.579300e+07  1.392179e+00  1.580644e+07  1.393095e+00  1.581988e+07  1.394011e+00
  1.583332e+07  1.394928e+00  1.584676e+07  1.395844e+00  1.586020e+07  1.396760e+00
  1.586894e+07  1.397338e+00  1.587768e+07  1.397915e+00  1.588642e+07  1.398493e+00
  1.589515e+07  1.399070e+00  1.590389e+07  1.399648e+00  1.591263e+07  1.400225e+00
  1.592137e+07  1.400803e+00  1.593010e+07  1.401380e+00  1.593884e+07  1.401958e+00
  1.594758e+07  1.402535e+00  1.595632e+07  1.403113e+00  1.596505e+07  1.403690e+00
  1.597379e+07  1.404268e+00  1.598253e+07  1.404845e+00  1.599127e+07  1.405423e+00
  1.600000e+07  1.406000e+00  1.601037e+07  1.406200e+00  1.602073e+07  1.406400e+00
  1.603109e+07  1.406600e+00  1.604145e+07  1.406799e+00  1.605181e+07  1.406999e+00
  1.606217e+07  1.407199e+00  1.607253e+07  1.407399e+00  1.608289e+07  1.407599e+00
  1.609326e+07  1.407799e+00  1.610362e+07  1.407999e+00  1.611398e+07  1.408198e+00
  1.612434e+07  1.408398e+00  1.613470e+07  1.408598e+00  1.614506e+07  1.408798e+00
  1.615542e+07  1.408998e+00  1.616578e+07  1.409198e+00  1.617615e+07  1.409398e+00
  1.618651e+07  1.409597e+00  1.619687e+07  1.409797e+00  1.620723e+07  1.409997e+00
  1.621759e+07  1.410197e+00  1.622795e+07  1.410397e+00  1.623831e+07  1.410597e+00
  1.624867e+07  1.410796e+00  1.625903e+07  1.410996e+00  1.626939e+07  1.411196e+00
  1.627975e+07  1.411396e+00  1.629011e+07  1.411596e+00  1.630047e+07  1.411796e+00
  1.631083e+07  1.411995e+00  1.632119e+07  1.412195e+00  1.633155e+07  1.412395e+00
  1.634192e+07  1.412595e+00  1.635228e+07  1.412795e+00  1.636264e+07  1.412995e+00
  1.637300e+07  1.413194e+00  1.638336e+07  1.413394e+00  1.639372e+07  1.413594e+00
  1.640408e+07  1.413794e+00  1.641444e+07  1.413994e+00  1.642481e+07  1.414194e+00
  1.643517e+07  1.414394e+00  1.644553e+07  1.414593e+00  1.645589e+07  1.414793e+00
  1.646625e+07  1.414993e+00  1.647661e+07  1.415193e+00  1.648697e+07  1.415393e+00
  1.649733e+07  1.415593e+00  1.650770e+07  1.415793e+00  1.651806e+07  1.415992e+00
  1.652842e+07  1.416192e+00  1.653878e+07  1.416392e+00  1.654914e+07  1.416592e+00
  1.655950e+07  1.416792e+00  1.656986e+07  1.416992e+00  1.658022e+07  1.417191e+00
  1.659058e+07  1.417391e+00  1.660094e+07  1.417591e+00  1.661130e+07  1.417791e+00
  1.662166e+07  1.417991e+00  1.663202e+07  1.418191e+00  1.664238e+07  1.418390e+00
  1.665274e+07  1.418590e+00  1.666310e+07  1.418790e+00  1.667363e+07  1.418794e+00
  1.668416e+07  1.418798e+00  1.669469e+07  1.418801e+00  1.670522e+07  1.418805e+00
  1.671575e+07  1.418809e+00  1.672628e+07  1.418813e+00  1.673681e+07  1.418816e+00
  1.674733e+07  1.418820e+00  1.675786e+07  1.418824e+00  1.676839e+07  1.418828e+00
  1.677892e+07  1.418831e+00  1.678944e+07  1.418835e+00  1.679997e+07  1.418839e+00
  1.681050e+07  1.418843e+00  1.682103e+07  1.418846e+00  1.683155e+07  1.418850e+00
  1.684208e+07  1.418854e+00  1.685261e+07  1.418858e+00  1.686314e+07  1.418861e+00
  1.687367e+07  1.418865e+00  1.688420e+07  1.418869e+00  1.689473e+07  1.418873e+00
  1.690526e+07  1.418876e+00  1.691578e+07  1.418880e+00  1.692631e+07  1.418884e+00
  1.693684e+07  1.418888e+00  1.694737e+07  1.418891e+00  1.695789e+07  1.418895e+00
  1.696842e+07  1.418899e+00  1.697895e+07  1.418903e+00  1.698948e+07  1.418906e+00
  1.700000e+07  1.418910e+00  1.701563e+07  1.417559e+00  1.703125e+07  1.416210e+00
  1.704688e+07  1.414859e+00  1.706250e+07  1.413509e+00  1.707813e+07  1.412159e+00
  1.709375e+07  1.410809e+00  1.710938e+07  1.409458e+00  1.712500e+07  1.408109e+00
  1.714063e+07  1.406758e+00  1.715625e+07  1.405408e+00  1.717188e+07  1.404058e+00
  1.718750e+07  1.402708e+00  1.720313e+07  1.401358e+00  1.721875e+07  1.400008e+00
  1.723438e+07  1.398657e+00  1.725000e+07  1.397308e+00  1.726563e+07  1.395957e+00
  1.728125e+07  1.394607e+00  1.729688e+07  1.393257e+00  1.731250e+07  1.391907e+00
  1.732813e+07  1.390556e+00  1.734375e+07  1.389207e+00  1.735938e+07  1.387856e+00
  1.737500e+07  1.386506e+00  1.739063e+07  1.385156e+00  1.740625e+07  1.383806e+00
  1.742188e+07  1.382455e+00  1.743750e+07  1.381106e+00  1.745313e+07  1.379755e+00
  1.746875e+07  1.378405e+00  1.748438e+07  1.377055e+00  1.750000e+07  1.375705e+00
  1.751563e+07  1.374354e+00  1.753125e+07  1.373005e+00  1.754688e+07  1.371654e+00
  1.756250e+07  1.370304e+00  1.757813e+07  1.368954e+00  1.759375e+07  1.367604e+00
  1.760938e+07  1.366253e+00  1.762500e+07  1.364904e+00  1.764063e+07  1.363553e+00
  1.765625e+07  1.362203e+00  1.767188e+07  1.360853e+00  1.768750e+07  1.359503e+00
  1.770313e+07  1.358153e+00  1.771875e+07  1.356803e+00  1.773438e+07  1.355452e+00
  1.775000e+07  1.354103e+00  1.776563e+07  1.352752e+00  1.778125e+07  1.351402e+00
  1.779688e+07  1.350052e+00  1.781250e+07  1.348702e+00  1.782813e+07  1.347351e+00
  1.784375e+07  1.346002e+00  1.785938e+07  1.344651e+00  1.787500e+07  1.343301e+00
  1.789063e+07  1.341951e+00  1.790625e+07  1.340601e+00  1.792188e+07  1.339250e+00
  1.793750e+07  1.337901e+00  1.795313e+07  1.336550e+00  1.796875e+07  1.335200e+00
  1.798438e+07  1.333850e+00  1.800000e+07  1.332500e+00  1.801563e+07  1.328636e+00
  1.803125e+07  1.324774e+00  1.804688e+07  1.320909e+00  1.806250e+07  1.317048e+00
  1.807813e+07  1.313183e+00  1.809375e+07  1.309321e+00  1.810938e+07  1.305457e+00
  1.812500e+07  1.301595e+00  1.814063e+07  1.297731e+00  1.815625e+07  1.293869e+00
  1.817188e+07  1.290004e+00  1.818750e+07  1.286143e+00  1.820313e+07  1.282278e+00
  1.821875e+07  1.278416e+00  1.823438e+07  1.274552e+00  1.825000e+07  1.270690e+00
  1.826563e+07  1.266826e+00  1.828125e+07  1.262964e+00  1.829688e+07  1.259099e+00
  1.831250e+07  1.255238e+00  1.832813e+07  1.251373e+00  1.834375e+07  1.247511e+00
  1.835938e+07  1.243647e+00  1.837500e+07  1.239785e+00  1.839063e+07  1.235921e+00
  1.840625e+07  1.232059e+00  1.842188e+07  1.228194e+00  1.843750e+07  1.224333e+00
  1.845313e+07  1.220468e+00  1.846875e+07  1.216606e+00  1.848438e+07  1.212742e+00
  1.850000e+07  1.208880e+00  1.851563e+07  1.205016e+00  1.853125e+07  1.201154e+00
  1.854688e+07  1.197289e+00  1.856250e+07  1.193428e+00  1.857813e+07  1.189563e+00
  1.859375e+07  1.185701e+00  1.860938e+07  1.181837e+00  1.862500e+07  1.177975e+00
  1.864063e+07  1.174111e+00  1.865625e+07  1.170249e+00  1.867188e+07  1.166384e+00
  1.868750e+07  1.162523e+00  1.870313e+07  1.158658e+00  1.871875e+07  1.154796e+00
  1.873438e+07  1.150932e+00  1.875000e+07  1.147070e+00  1.876563e+07  1.143206e+00
  1.878125e+07  1.139344e+00  1.879688e+07  1.135479e+00  1.881250e+07  1.131618e+00
  1.882813e+07  1.127753e+00  1.884375e+07  1.123891e+00  1.885938e+07  1.120027e+00
  1.887500e+07  1.116165e+00  1.889063e+07  1.112301e+00  1.890625e+07  1.108439e+00
  1.892188e+07  1.104574e+00  1.893750e+07  1.100713e+00  1.895313e+07  1.096848e+00
  1.896875e+07  1.092986e+00  1.898438e+07  1.089122e+00  1.900000e+07  1.085260e+00
  1.903125e+07  1.077485e+00  1.906250e+07  1.069710e+00  1.909375e+07  1.061936e+00
  1.912500e+07  1.054161e+00  1.915625e+07  1.046386e+00  1.918750e+07  1.038611e+00
  1.921875e+07  1.030837e+00  1.925000e+07  1.023062e+00  1.928125e+07  1.015287e+00
  1.931250e+07  1.007512e+00  1.934375e+07  9.997374e-01  1.937500e+07  9.919626e-01
  1.940625e+07  9.841878e-01  1.943750e+07  9.764131e-01  1.946875e+07  9.686383e-01
  1.950000e+07  9.608635e-01  1.953125e+07  9.530887e-01  1.956250e+07  9.453139e-01
  1.959375e+07  9.375392e-01  1.962500e+07  9.297644e-01  1.965625e+07  9.219896e-01
  1.968750e+07  9.142148e-01  1.971875e+07  9.064400e-01  1.975000e+07  8.986653e-01
  1.978125e+07  8.908905e-01  1.981250e+07  8.831157e-01  1.984375e+07  8.753409e-01
  1.987500e+07  8.675661e-01  1.990625e+07  8.597913e-01  1.993750e+07  8.520166e-01
  1.996875e+07  8.442418e-01  2.000000e+07  8.364670e-01
             3             4
             2  1.277970e+02
             1
             2
             1
             2             2
  0.000000e+00  6.966500e+06             0             2
             1
             2             2
 -1.000000e+00  5.000000e-01  1.000000e+00  5.000000e-01
  0.000000e+00  2.000000e+07             0             2
             1
             2             2
 -1.000000e+00  5.000000e-01  1.000000e+00  5.000000e-01
             3             5
  1.277970e+02             1
             1             2
             1
             2             2
  6.966500e+06  1.000000e+00  2.000000e+07  1.000000e+00
             8
             1
             8             2
  6.966500e+06             3
             1
             3             2
  0.000000e+00  0.000000e+00  5.409000e+04  0.000000e+00  5.410000e+04  2.000000e-01
  8.000000e+06             8
             3
             2             2             7             4             8             2
  0.000000e+00  0.000000e+00  1.250000e+05  1.496790e-06  2.500000e+05  1.810830e-06
  3.750000e+05  1.679190e-06  5.000000e+05  1.381350e-06  6.250000e+05  9.980200e-07
  8.750000e+05  2.265430e-07  1.000000e+06  0.000000e+00
  1.000000e+07            19
             3
             2             2            18             4            19             2
  0.000000e+00  0.000000e+00  1.250000e+05  3.993790e-07  2.500000e+05  5.713180e-07
  3.750000e+05  6.440540e-07  5.000000e+05  6.728540e-07  6.250000e+05  6.693680e-07
  7.500000e+05  6.514360e-07  1.000000e+06  5.756980e-07  1.250000e+06  4.716900e-07
  1.500000e+06  3.619530e-07  1.750000e+06  2.627350e-07  2.000000e+06  1.807980e-07
  2.125000e+06  1.464670e-07  2.250000e+06  1.159410e-07  2.375000e+06  8.871760e-08
  2.500000e+06  6.438360e-08  2.625000e+06  4.243670e-08  2.875000e+06  7.162790e-09
  3.000000e+06  0.000000e+00
  1.200000e+07            19
             3
             2             2            18             4            19             2
  0.000000e+00  0.000000e+00  1.250000e+05  2.848810e-07  2.500000e+05  4.146880e-07
  3.750000e+05  4.785220e-07  5.000000e+05  5.122310e-07  6.250000e+05  5.226190e-07
  7.500000e+05  5.222800e-07  1.000000e+06  4.892370e-07  1.250000e+06  4.292110e-07
  1.625000e+06  3.222890e-07  2.250000e+06  1.793290e-07  3.125000e+06  7.359310e-08
  3.875000e+06  3.258970e-08  4.125000e+06  2.399020e-08  4.250000e+06  2.008530e-08
  4.375000e+06  1.637360e-08  4.500000e+06  1.271210e-08  4.750000e+06  5.477020e-09
  4.875000e+06  0.000000e+00
  1.400000e+07            22
             3
             2             2            21             4            22             2
  0.000000e+00  0.000000e+00  1.250000e+05  2.482270e-07  2.500000e+05  3.637080e-07
  3.750000e+05  4.217730e-07  5.000000e+05  4.537830e-07  6.250000e+05  4.655320e-07
  7.500000e+05  4.680470e-07  1.000000e+06  4.446670e-07  1.250000e+06  3.968950e-07
  1.625000e+06  3.079260e-07  3.125000e+06  8.863060e-08  3.750000e+06  5.346090e-08
  4.375000e+06  3.430230e-08  5.000000e+06  2.342240e-08  5.750000e+06  1.528120e-08
  6.000000e+06  1.279070e-08  6.125000e+06  1.152770e-08  6.250000e+06  1.014920e-08
  6.375000e+06  8.641470e-09  6.500000e+06  6.944810e-09  6.750000e+06  3.028250e-09
  6.875000e+06  0.000000e+00
  1.600000e+07            23
             3
             2             2            22             4            23             2
  0.000000e+00  0.000000e+00  1.250000e+05  2.275350e-07  2.500000e+05  3.338420e-07
  3.750000e+05  3.873310e-07  5.000000e+05  4.169670e-07  7.500000e+05  4.309440e-07
  1.000000e+06  4.109550e-07  1.250000e+06  3.690180e-07  1.625000e+06  2.903680e-07
  3.250000e+06  8.615960e-08  3.875000e+06  5.649940e-08  4.500000e+06  3.917960e-08
  5.125000e+06  2.893240e-08  6.000000e+06  2.065300e-08  7.250000e+06  1.390250e-08
  7.750000e+06  1.126930e-08  8.000000e+06  9.693480e-09  8.125000e+06  8.756630e-09
  8.250000e+06  7.708190e-09  8.375000e+06  6.536420e-09  8.500000e+06  5.199440e-09
  8.750000e+06  2.099380e-09  8.875000e+06  0.000000e+00
  1.800000e+07            26
             3
             2             2            25             4            26             2
  0.000000e+00  0.000000e+00  1.250000e+05  1.640040e-07  2.500000e+05  2.443810e-07
  3.750000e+05  2.927420e-07  5.000000e+05  3.287590e-07  7.500000e+05  3.721890e-07
  1.000000e+06  3.859620e-07  1.125000e+06  3.802570e-07  1.250000e+06  3.666700e-07
  1.625000e+06  2.914520e-07  2.750000e+06  1.313910e-07  3.625000e+06  7.508820e-08
  4.375000e+06  5.041540e-08  5.000000e+06  3.829460e-08  5.875000e+06  2.835500e-08
  7.250000e+06  2.007500e-08  8.375000e+06  1.521000e-08  9.250000e+06  1.159200e-08
  9.625000e+06  9.932820e-09  9.875000e+06  8.671160e-09  1.012500e+07  7.177660e-09
  1.025000e+07  6.298720e-09  1.037500e+07  5.307880e-09  1.050000e+07  4.171180e-09
  1.075000e+07  1.540350e-09  1.087500e+07  0.000000e+00
  2.000000e+07            27
             3
             2             2            26             4            27             2
  0.000000e+00  0.000000e+00  1.250000e+05  1.405990e-07  2.500000e+05  1.860800e-07
  3.750000e+05  2.048030e-07  5.000000e+05  2.201670e-07  7.500000e+05  2.406780e-07
  1.000000e+06  2.477830e-07  1.250000e+06  2.377920e-07  2.000000e+06  1.782510e-07
  2.375000e+06  1.627030e-07  3.000000e+06  1.534300e-07  3.250000e+06  1.426590e-07
  3.875000e+06  1.028380e-07  4.625000e+06  7.386560e-08  5.375000e+06  5.695280e-08
  6.125000e+06  4.634390e-08  8.500000e+06  2.832340e-08  1.037500e+07  1.806020e-08
  1.125000e+07  1.387550e-08  1.162500e+07  1.190020e-08  1.187500e+07  1.037770e-08
  1.212500e+07  8.602150e-09  1.225000e+07  7.557880e-09  1.237500e+07  6.356240e-09
  1.250000e+07  4.953490e-09  1.275000e+07  1.663780e-09  1.287500e+07  0.000000e+00
