G4NDL
ENDF/B-VII.1
             4             3
            17
             0
           193
  1.666310e+07  0.000000e+00  1.667363e+07  3.956392e-05  1.668416e+07  7.912784e-05
  1.669469e+07  1.186918e-04  1.670522e+07  1.582557e-04  1.671575e+07  1.978196e-04
  1.672628e+07  2.373835e-04  1.673681e+07  2.769474e-04  1.674733e+07  3.164738e-04
  1.675786e+07  3.560377e-04  1.676839e+07  3.956016e-04  1.677892e+07  4.351655e-04
  1.678944e+07  4.746919e-04  1.679997e+07  5.142558e-04  1.681050e+07  5.538197e-04
  1.682103e+07  5.933837e-04  1.683155e+07  6.329100e-04  1.684208e+07  6.724739e-04
  1.685261e+07  7.120378e-04  1.686314e+07  7.516018e-04  1.687367e+07  7.911657e-04
  1.688420e+07  8.307296e-04  1.689473e+07  8.702935e-04  1.690526e+07  9.098574e-04
  1.691578e+07  9.493838e-04  1.692631e+07  9.889477e-04  1.693684e+07  1.028512e-03
  1.694737e+07  1.068076e-03  1.695789e+07  1.107602e-03  1.696842e+07  1.147166e-03
  1.697895e+07  1.186730e-03  1.698948e+07  1.226294e-03  1.700000e+07  1.265820e-03
  1.701563e+07  2.625897e-03  1.703125e+07  3.985104e-03  1.704688e+07  5.345181e-03
  1.706250e+07  6.704388e-03  1.707813e+07  8.064464e-03  1.709375e+07  9.423671e-03
  1.710938e+07  1.078375e-02  1.712500e+07  1.214296e-02  1.714063e+07  1.350303e-02
  1.715625e+07  1.486224e-02  1.717188e+07  1.622232e-02  1.718750e+07  1.758152e-02
  1.720313e+07  1.894160e-02  1.721875e+07  2.030081e-02  1.723438e+07  2.166088e-02
  1.725000e+07  2.302009e-02  1.726563e+07  2.438017e-02  1.728125e+07  2.573937e-02
  1.729688e+07  2.709945e-02  1.731250e+07  2.845866e-02  1.732813e+07  2.981873e-02
  1.734375e+07  3.117794e-02  1.735938e+07  3.253802e-02  1.737500e+07  3.389723e-02
  1.739063e+07  3.525730e-02  1.740625e+07  3.661651e-02  1.742188e+07  3.797659e-02
  1.743750e+07  3.933579e-02  1.745313e+07  4.069587e-02  1.746875e+07  4.205508e-02
  1.748438e+07  4.341515e-02  1.750000e+07  4.477436e-02  1.751563e+07  4.613444e-02
  1.753125e+07  4.749364e-02  1.754688e+07  4.885372e-02  1.756250e+07  5.021293e-02
  1.757813e+07  5.157300e-02  1.759375e+07  5.293221e-02  1.760938e+07  5.429229e-02
  1.762500e+07  5.565150e-02  1.764063e+07  5.701157e-02  1.765625e+07  5.837078e-02
  1.767188e+07  5.973086e-02  1.768750e+07  6.109006e-02  1.770313e+07  6.245014e-02
  1.771875e+07  6.380935e-02  1.773438e+07  6.516942e-02  1.775000e+07  6.652863e-02
  1.776563e+07  6.788871e-02  1.778125e+07  6.924791e-02  1.779688e+07  7.060799e-02
  1.781250e+07  7.196720e-02  1.782813e+07  7.332727e-02  1.784375e+07  7.468648e-02
  1.785938e+07  7.604656e-02  1.787500e+07  7.740577e-02  1.789063e+07  7.876584e-02
  1.790625e+07  8.012505e-02  1.792188e+07  8.148513e-02  1.793750e+07  8.284433e-02
  1.795313e+07  8.420441e-02  1.796875e+07  8.556362e-02  1.798438e+07  8.692369e-02
  1.800000e+07  8.828290e-02  1.801563e+07  9.154307e-02  1.803125e+07  9.480115e-02
  1.804688e+07  9.806132e-02  1.806250e+07  1.013194e-01  1.807813e+07  1.045796e-01
  1.809375e+07  1.078377e-01  1.810938e+07  1.110978e-01  1.812500e+07  1.143559e-01
  1.814063e+07  1.176161e-01  1.815625e+07  1.208742e-01  1.817188e+07  1.241343e-01
  1.818750e+07  1.273924e-01  1.820313e+07  1.306526e-01  1.821875e+07  1.339107e-01
  1.823438e+07  1.371708e-01  1.825000e+07  1.404289e-01  1.826563e+07  1.436891e-01
  1.828125e+07  1.469472e-01  1.829688e+07  1.502073e-01  1.831250e+07  1.534654e-01
  1.832813e+07  1.567256e-01  1.834375e+07  1.599837e-01  1.835938e+07  1.632439e-01
  1.837500e+07  1.665019e-01  1.839063e+07  1.697621e-01  1.840625e+07  1.730202e-01
  1.842188e+07  1.762804e-01  1.843750e+07  1.795384e-01  1.845313e+07  1.827986e-01
  1.846875e+07  1.860567e-01  1.848438e+07  1.893169e-01  1.850000e+07  1.925750e-01
  1.851563e+07  1.958351e-01  1.853125e+07  1.990932e-01  1.854688e+07  2.023534e-01
  1.856250e+07  2.056115e-01  1.857813e+07  2.088716e-01  1.859375e+07  2.121297e-01
  1.860938e+07  2.153899e-01  1.862500e+07  2.186480e-01  1.864063e+07  2.219081e-01
  1.865625e+07  2.251662e-01  1.867188e+07  2.284264e-01  1.868750e+07  2.316845e-01
  1.870313e+07  2.349446e-01  1.871875e+07  2.382027e-01  1.873438e+07  2.414629e-01
  1.875000e+07  2.447210e-01  1.876563e+07  2.479811e-01  1.878125e+07  2.512392e-01
  1.879688e+07  2.544994e-01  1.881250e+07  2.577575e-01  1.882813e+07  2.610177e-01
  1.884375e+07  2.642757e-01  1.885938e+07  2.675359e-01  1.887500e+07  2.707940e-01
  1.889063e+07  2.740542e-01  1.890625e+07  2.773122e-01  1.892188e+07  2.805724e-01
  1.893750e+07  2.838305e-01  1.895313e+07  2.870907e-01  1.896875e+07  2.903487e-01
  1.898438e+07  2.936089e-01  1.900000e+07  2.968670e-01  1.903125e+07  3.031818e-01
  1.906250e+07  3.094965e-01  1.909375e+07  3.158113e-01  1.912500e+07  3.221260e-01
  1.915625e+07  3.284408e-01  1.918750e+07  3.347555e-01  1.921875e+07  3.410703e-01
  1.925000e+07  3.473850e-01  1.928125e+07  3.536998e-01  1.931250e+07  3.600145e-01
  1.934375e+07  3.663293e-01  1.937500e+07  3.726440e-01  1.940625e+07  3.789588e-01
  1.943750e+07  3.852735e-01  1.946875e+07  3.915883e-01  1.950000e+07  3.979030e-01
  1.953125e+07  4.042178e-01  1.956250e+07  4.105325e-01  1.959375e+07  4.168473e-01
  1.962500e+07  4.231620e-01  1.965625e+07  4.294768e-01  1.968750e+07  4.357915e-01
  1.971875e+07  4.421063e-01  1.975000e+07  4.484210e-01  1.978125e+07  4.547358e-01
  1.981250e+07  4.610505e-01  1.984375e+07  4.673653e-01  1.987500e+07  4.736800e-01
  1.990625e+07  4.799948e-01  1.993750e+07  4.863095e-01  1.996875e+07  4.926243e-01
  2.000000e+07  4.989390e-01
             4             4
             2  1.277970e+02
             1
             2
             1
             2             2
  0.000000e+00  1.666310e+07             0             2
             1
             2             2
 -1.000000e+00  5.000000e-01  1.000000e+00  5.000000e-01
  0.000000e+00  2.000000e+07             0             2
             1
             2             2
 -1.000000e+00  5.000000e-01  1.000000e+00  5.000000e-01
             4             5
  1.277970e+02             1
             1             2
             1
             2             2
  1.666310e+07  1.000000e+00  2.000000e+07  1.000000e+00
             3
             1
             3             2
  1.666310e+07             3
             1
             3             2
  0.000000e+00  0.000000e+00  1.293000e+05  0.000000e+00  1.294000e+05  2.000000e-02
  1.800000e+07            10
             3
             2             2             9             4            10             2
  0.000000e+00  0.000000e+00  1.250000e+05  1.090620e-06  2.500000e+05  1.475230e-06
  3.750000e+05  1.483390e-06  5.000000e+05  1.307340e-06  6.250000e+05  1.048610e-06
  7.500000e+05  7.738490e-07  8.750000e+05  5.131880e-07  1.125000e+06  1.179100e-07
  1.250000e+06  0.000000e+00
  2.000000e+07            18
             3
             2             2            17             4            18             2
  0.000000e+00  0.000000e+00  1.250000e+05  4.109040e-07  2.500000e+05  6.240090e-07
  3.750000e+05  7.149930e-07  5.000000e+05  7.330540e-07  6.250000e+05  7.075720e-07
  7.500000e+05  6.599770e-07  1.000000e+06  5.394570e-07  1.375000e+06  3.669250e-07
  1.750000e+06  2.360970e-07  2.125000e+06  1.433480e-07  2.375000e+06  9.642040e-08
  2.500000e+06  7.618040e-08  2.625000e+06  5.782310e-08  2.750000e+06  4.134170e-08
  2.875000e+06  2.688260e-08  3.125000e+06  5.728730e-09  3.250000e+06  0.000000e+00
