G4NDL
ENDF/B-VII.1
             5             3
            22
             0
          1726
  2.116840e+06  0.000000e+00  2.123740e+06  2.064580e-20  2.130640e+06  4.129160e-20
  2.137540e+06  6.193730e-20  2.144439e+06  8.258010e-20  2.151339e+06  1.032260e-19
  2.158239e+06  1.238720e-19  2.165139e+06  1.445180e-19  2.172038e+06  1.651600e-19
  2.178938e+06  1.858060e-19  2.185838e+06  2.064520e-19  2.192738e+06  2.270980e-19
  2.199637e+06  2.477400e-19  2.206537e+06  2.683860e-19  2.213436e+06  2.890290e-19
  2.220336e+06  3.096750e-19  2.227235e+06  3.303180e-19  2.234135e+06  3.509630e-19
  2.241035e+06  3.716090e-19  2.247935e+06  3.922550e-19  2.254834e+06  4.128980e-19
  2.261734e+06  4.335430e-19  2.268634e+06  4.541890e-19  2.275534e+06  4.748350e-19
  2.282433e+06  4.954780e-19  2.289333e+06  5.161240e-19  2.296233e+06  5.367690e-19
  2.303133e+06  5.574150e-19  2.310032e+06  5.780580e-19  2.316932e+06  5.987040e-19
  2.323831e+06  6.193460e-19  2.330731e+06  6.399920e-19  2.337630e+06  6.606350e-19
  2.344530e+06  6.812810e-19  2.351430e+06  7.019270e-19  2.358330e+06  7.225720e-19
  2.365229e+06  7.432150e-19  2.372129e+06  7.638610e-19  2.379029e+06  7.845070e-19
  2.385929e+06  8.051530e-19  2.392828e+06  8.257950e-19  2.399728e+06  8.464410e-19
  2.406628e+06  8.670870e-19  2.413528e+06  8.877330e-19  2.420427e+06  9.083750e-19
  2.427327e+06  9.290210e-19  2.434226e+06  9.496640e-19  2.441126e+06  9.703099e-19
  2.448025e+06  9.909530e-19  2.454925e+06  1.011600e-18  2.461825e+06  1.032240e-18
  2.468725e+06  1.052890e-18  2.475624e+06  1.073530e-18  2.482524e+06  1.094180e-18
  2.489424e+06  1.114820e-18  2.496324e+06  1.135470e-18  2.503223e+06  1.156110e-18
  2.510123e+06  1.176760e-18  2.517023e+06  1.197400e-18  2.523923e+06  1.218050e-18
  2.530822e+06  1.238690e-18  2.537722e+06  1.259340e-18  2.544621e+06  1.279980e-18
  2.551521e+06  1.300630e-18  2.558420e+06  1.321270e-18  2.565320e+06  1.341920e-18
  2.572220e+06  1.362560e-18  2.579120e+06  1.383210e-18  2.586019e+06  1.403850e-18
  2.592919e+06  1.424500e-18  2.599819e+06  1.445140e-18  2.606719e+06  1.465790e-18
  2.613618e+06  1.486430e-18  2.620518e+06  1.507080e-18  2.627418e+06  1.527720e-18
  2.634318e+06  1.548370e-18  2.641217e+06  1.569010e-18  2.648117e+06  1.589660e-18
  2.655016e+06  1.610300e-18  2.661916e+06  1.630950e-18  2.668815e+06  1.651590e-18
  2.675715e+06  1.672230e-18  2.682615e+06  1.692880e-18  2.689515e+06  1.713530e-18
  2.696414e+06  1.734170e-18  2.703314e+06  1.754810e-18  2.710214e+06  1.775460e-18
  2.717114e+06  1.796110e-18  2.724013e+06  1.816750e-18  2.730913e+06  1.837390e-18
  2.737813e+06  1.858040e-18  2.744713e+06  1.878690e-18  2.751612e+06  1.899330e-18
  2.758512e+06  1.919970e-18  2.765411e+06  1.940620e-18  2.772311e+06  1.961260e-18
  2.779210e+06  1.981910e-18  2.786110e+06  2.002550e-18  2.793010e+06  2.023200e-18
  2.799910e+06  2.043840e-18  2.806809e+06  2.064490e-18  2.813709e+06  2.085130e-18
  2.820609e+06  2.105780e-18  2.827509e+06  2.126420e-18  2.834408e+06  2.147070e-18
  2.841308e+06  2.167710e-18  2.848208e+06  2.188360e-18  2.855108e+06  2.209000e-18
  2.862007e+06  2.229650e-18  2.868907e+06  2.250290e-18  2.875806e+06  2.270930e-18
  2.882706e+06  2.291580e-18  2.889605e+06  2.312220e-18  2.896505e+06  2.332870e-18
  2.903405e+06  2.353510e-18  2.910305e+06  2.374160e-18  2.917204e+06  2.394800e-18
  2.924104e+06  2.415450e-18  2.931004e+06  2.436090e-18  2.937904e+06  2.456740e-18
  2.944803e+06  2.477380e-18  2.951703e+06  2.498030e-18  2.958603e+06  2.518670e-18
  2.965503e+06  2.539320e-18  2.972402e+06  2.559960e-18  2.979302e+06  2.580610e-18
  2.986201e+06  2.601250e-18  2.993101e+06  2.621900e-18  3.000000e+06  2.642540e-18
  3.007813e+06  2.732170e-18  3.015625e+06  2.824830e-18  3.023438e+06  2.920640e-18
  3.031250e+06  3.019690e-18  3.039063e+06  3.122110e-18  3.046875e+06  3.227990e-18
  3.054688e+06  3.337480e-18  3.062500e+06  3.450670e-18  3.070313e+06  3.567710e-18
  3.078125e+06  3.688700e-18  3.085938e+06  3.813810e-18  3.093750e+06  3.943150e-18
  3.101563e+06  4.076900e-18  3.109375e+06  4.215160e-18  3.117188e+06  4.358130e-18
  3.125000e+06  4.505930e-18  3.132813e+06  4.658760e-18  3.140625e+06  4.816750e-18
  3.148438e+06  4.980130e-18  3.156250e+06  5.149020e-18  3.164063e+06  5.323670e-18
  3.171875e+06  5.504210e-18  3.179688e+06  5.690900e-18  3.187500e+06  5.883900e-18
  3.195313e+06  6.083470e-18  3.203125e+06  6.289780e-18  3.210938e+06  6.503120e-18
  3.218750e+06  6.723660e-18  3.226563e+06  6.951720e-18  3.234375e+06  7.187470e-18
  3.242188e+06  7.431260e-18  3.250000e+06  7.683280e-18  3.257813e+06  7.943880e-18
  3.265625e+06  8.213290e-18  3.273438e+06  8.491860e-18  3.281250e+06  8.779850e-18
  3.289063e+06  9.077650e-18  3.296875e+06  9.385500e-18  3.304688e+06  9.703840e-18
  3.312500e+06  1.003290e-17  3.320313e+06  1.037320e-17  3.328125e+06  1.072500e-17
  3.335938e+06  1.108880e-17  3.343750e+06  1.146490e-17  3.351563e+06  1.185370e-17
  3.359375e+06  1.225570e-17  3.367188e+06  1.267140e-17  3.375000e+06  1.310110e-17
  3.382813e+06  1.354550e-17  3.390625e+06  1.400490e-17  3.398438e+06  1.447990e-17
  3.406250e+06  1.497100e-17  3.414063e+06  1.547880e-17  3.421875e+06  1.600370e-17
  3.429688e+06  1.654650e-17  3.437500e+06  1.710770e-17  3.445313e+06  1.768790e-17
  3.453125e+06  1.828780e-17  3.460938e+06  1.890810e-17  3.468750e+06  1.954930e-17
  3.476563e+06  2.021240e-17  3.484375e+06  2.089780e-17  3.492188e+06  2.160670e-17
  3.500000e+06  2.233940e-17  3.507813e+06  2.309710e-17  3.515625e+06  2.388040e-17
  3.523438e+06  2.469040e-17  3.531250e+06  2.552770e-17  3.539063e+06  2.639360e-17
  3.546875e+06  2.728870e-17  3.554688e+06  2.821430e-17  3.562500e+06  2.917110e-17
  3.570313e+06  3.016050e-17  3.578125e+06  3.118340e-17  3.585938e+06  3.224110e-17
  3.593750e+06  3.333450e-17  3.601563e+06  3.446510e-17  3.609375e+06  3.563390e-17
  3.617188e+06  3.684260e-17  3.625000e+06  3.809200e-17  3.632813e+06  3.938400e-17
  3.640625e+06  4.071970e-17  3.648438e+06  4.210080e-17  3.656250e+06  4.352860e-17
  3.664063e+06  4.500500e-17  3.671875e+06  4.653130e-17  3.679688e+06  4.810950e-17
  3.687500e+06  4.974110e-17  3.695313e+06  5.142820e-17  3.703125e+06  5.317230e-17
  3.710938e+06  5.497580e-17  3.718750e+06  5.684030e-17  3.726563e+06  5.876820e-17
  3.734375e+06  6.076120e-17  3.742188e+06  6.282210e-17  3.750000e+06  6.495260e-17
  3.757813e+06  6.715570e-17  3.765625e+06  6.943320e-17  3.773438e+06  7.178820e-17
  3.781250e+06  7.422280e-17  3.789063e+06  7.674030e-17  3.796875e+06  7.934280e-17
  3.804688e+06  8.203400e-17  3.812500e+06  8.481600e-17  3.820313e+06  8.769280e-17
  3.828125e+06  9.066680e-17  3.835938e+06  9.374200e-17  3.843750e+06  9.692110e-17
  3.851563e+06  1.002090e-16  3.859375e+06  1.036070e-16  3.867188e+06  1.071210e-16
  3.875000e+06  1.107540e-16  3.882813e+06  1.145110e-16  3.890625e+06  1.183940e-16
  3.898438e+06  1.224100e-16  3.906250e+06  1.265610e-16  3.914063e+06  1.308540e-16
  3.921875e+06  1.352910e-16  3.929688e+06  1.398800e-16  3.937500e+06  1.446240e-16
  3.945313e+06  1.495290e-16  3.953125e+06  1.546000e-16  3.960938e+06  1.598440e-16
  3.968750e+06  1.652650e-16  3.976563e+06  1.708710e-16  3.984375e+06  1.766650e-16
  3.992188e+06  1.826570e-16  4.000000e+06  1.888520e-16  4.015625e+06  1.996030e-16
  4.031250e+06  2.109650e-16  4.046875e+06  2.229750e-16  4.062500e+06  2.356680e-16
  4.078125e+06  2.490830e-16  4.093750e+06  2.632630e-16  4.109375e+06  2.782490e-16
  4.125000e+06  2.940890e-16  4.140625e+06  3.108300e-16  4.156250e+06  3.285250e-16
  4.171875e+06  3.472260e-16  4.187500e+06  3.669930e-16  4.203125e+06  3.878840e-16
  4.218750e+06  4.099650e-16  4.234375e+06  4.333030e-16  4.250000e+06  4.579690e-16
  4.265625e+06  4.840390e-16  4.281250e+06  5.115940e-16  4.296875e+06  5.407170e-16
  4.312500e+06  5.714980e-16  4.328125e+06  6.040310e-16  4.343750e+06  6.384160e-16
  4.359375e+06  6.747590e-16  4.375000e+06  7.131700e-16  4.390625e+06  7.537680e-16
  4.406250e+06  7.966770e-16  4.421875e+06  8.420290e-16  4.437500e+06  8.899630e-16
  4.453125e+06  9.406250e-16  4.468750e+06  9.941710e-16  4.484375e+06  1.050770e-15
  4.500000e+06  1.110580e-15  4.515625e+06  1.173800e-15  4.531250e+06  1.240620e-15
  4.546875e+06  1.311250e-15  4.562500e+06  1.385890e-15  4.578125e+06  1.464780e-15
  4.593750e+06  1.548170e-15  4.609375e+06  1.636300e-15  4.625000e+06  1.729450e-15
  4.640625e+06  1.827900e-15  4.656250e+06  1.931950e-15  4.671875e+06  2.041930e-15
  4.687500e+06  2.158170e-15  4.703125e+06  2.281030e-15  4.718750e+06  2.410880e-15
  4.734375e+06  2.548120e-15  4.750000e+06  2.693180e-15  4.765625e+06  2.846490e-15
  4.781250e+06  3.008530e-15  4.796875e+06  3.179790e-15  4.812500e+06  3.360810e-15
  4.828125e+06  3.552120e-15  4.843750e+06  3.754330e-15  4.859375e+06  3.968050e-15
  4.875000e+06  4.193940e-15  4.890625e+06  4.432680e-15  4.906250e+06  4.685020e-15
  4.921875e+06  4.951720e-15  4.937500e+06  5.233600e-15  4.953125e+06  5.531530e-15
  4.968750e+06  5.846420e-15  4.984375e+06  6.179230e-15  5.000000e+06  6.530990e-15
  5.014914e+06  6.873100e-15  5.029827e+06  7.233110e-15  5.044741e+06  7.612000e-15
  5.059654e+06  8.010710e-15  5.074568e+06  8.430340e-15  5.089481e+06  8.871910e-15
  5.104395e+06  9.336650e-15  5.119308e+06  9.825700e-15  5.134222e+06  1.034040e-14
  5.149135e+06  1.088200e-14  5.164049e+06  1.145210e-14  5.178962e+06  1.205190e-14
  5.193876e+06  1.268320e-14  5.208789e+06  1.334760e-14  5.223702e+06  1.404670e-14
  5.238615e+06  1.478240e-14  5.253529e+06  1.555680e-14  5.268442e+06  1.637160e-14
  5.283356e+06  1.722920e-14  5.298269e+06  1.813170e-14  5.313183e+06  1.908150e-14
  5.328096e+06  2.008100e-14  5.343010e+06  2.113290e-14  5.357923e+06  2.223980e-14
  5.372837e+06  2.340480e-14  5.387750e+06  2.463070e-14  5.402664e+06  2.592090e-14
  5.417577e+06  2.727860e-14  5.432491e+06  2.870760e-14  5.447404e+06  3.021130e-14
  5.462317e+06  3.179370e-14  5.477230e+06  3.345900e-14  5.493195e+06  3.533860e-14
  5.509159e+06  3.732370e-14  5.525124e+06  3.942040e-14  5.541088e+06  4.163480e-14
  5.557053e+06  4.397360e-14  5.573017e+06  4.644380e-14  5.588981e+06  4.905260e-14
  5.604945e+06  5.180800e-14  5.620910e+06  5.471840e-14  5.636874e+06  5.779210e-14
  5.652839e+06  6.103860e-14  5.668803e+06  6.446730e-14  5.684768e+06  6.808890e-14
  5.700732e+06  7.191360e-14  5.716696e+06  7.595320e-14  5.732660e+06  8.021960e-14
  5.748967e+06  8.482530e-14  5.765273e+06  8.969520e-14  5.781579e+06  9.484450e-14
  5.797885e+06  1.002900e-13  5.814192e+06  1.060480e-13  5.830498e+06  1.121360e-13
  5.846804e+06  1.185730e-13  5.863110e+06  1.253810e-13  5.879417e+06  1.325790e-13
  5.895723e+06  1.401910e-13  5.912029e+06  1.482390e-13  5.928335e+06  1.567490e-13
  5.944642e+06  1.657490e-13  5.960948e+06  1.752650e-13  5.977254e+06  1.853260e-13
  5.993560e+06  1.959660e-13  6.000000e+06  2.007220e-13  6.014734e+06  2.111290e-13
  6.029468e+06  2.220760e-13  6.044202e+06  2.335900e-13  6.058935e+06  2.457010e-13
  6.073669e+06  2.584400e-13  6.088403e+06  2.718400e-13  6.103137e+06  2.859350e-13
  6.117870e+06  3.007590e-13  6.132604e+06  3.163530e-13  6.147338e+06  3.327560e-13
  6.162072e+06  3.500090e-13  6.176805e+06  3.681550e-13  6.191539e+06  3.872430e-13
  6.206273e+06  4.073210e-13  6.221007e+06  4.284410e-13  6.235740e+06  4.506530e-13
  6.250385e+06  4.738740e-13  6.265030e+06  4.982920e-13  6.278512e+06  5.224950e-13
  6.291994e+06  5.478730e-13  6.305476e+06  5.744840e-13  6.318958e+06  6.023880e-13
  6.332440e+06  6.316470e-13  6.345922e+06  6.623270e-13  6.359404e+06  6.944980e-13
  6.372885e+06  7.282280e-13  6.386367e+06  7.635990e-13  6.399849e+06  8.006890e-13
  6.413331e+06  8.395790e-13  6.426813e+06  8.803590e-13  6.440295e+06  9.231200e-13
  6.453777e+06  9.679571e-13  6.467259e+06  1.014970e-12  6.480740e+06  1.064270e-12
  6.501093e+06  1.143260e-12  6.521445e+06  1.228120e-12  6.541798e+06  1.319280e-12
  6.562150e+06  1.417200e-12  6.582503e+06  1.522390e-12  6.602855e+06  1.635390e-12
  6.623208e+06  1.756780e-12  6.643560e+06  1.887170e-12  6.666513e+06  2.033060e-12
  6.689465e+06  2.190230e-12  6.712418e+06  2.359550e-12  6.735370e+06  2.541960e-12
  6.749816e+06  2.663930e-12  6.764262e+06  2.791750e-12  6.778708e+06  2.925700e-12
  6.793153e+06  3.066080e-12  6.807599e+06  3.213190e-12  6.822044e+06  3.367360e-12
  6.836490e+06  3.528930e-12  6.850935e+06  3.698250e-12  6.865381e+06  3.875700e-12
  6.879827e+06  4.061660e-12  6.894273e+06  4.256550e-12  6.908718e+06  4.460780e-12
  6.923164e+06  4.674810e-12  6.937609e+06  4.899110e-12  6.952055e+06  5.134180e-12
  6.966500e+06  5.380510e-12  6.983250e+06  5.739290e-12  7.000000e+06  6.122000e-12
  7.014852e+06  6.420290e-12  7.029703e+06  6.733100e-12  7.044554e+06  7.061140e-12
  7.059405e+06  7.405170e-12  7.074257e+06  7.765990e-12  7.089108e+06  8.144360e-12
  7.103959e+06  8.541160e-12  7.118810e+06  8.957300e-12  7.133662e+06  9.393740e-12
  7.148513e+06  9.851410e-12  7.163364e+06  1.033140e-11  7.178215e+06  1.083470e-11
  7.193067e+06  1.136270e-11  7.207918e+06  1.191630e-11  7.222769e+06  1.249680e-11
  7.237620e+06  1.310570e-11  7.259518e+06  1.405800e-11  7.281415e+06  1.507950e-11
  7.303313e+06  1.617520e-11  7.325210e+06  1.735050e-11  7.344973e+06  1.836400e-11
  7.364735e+06  1.943670e-11  7.384498e+06  2.057210e-11  7.404260e+06  2.177370e-11
  7.424023e+06  2.304560e-11  7.443785e+06  2.439170e-11  7.463548e+06  2.581650e-11
  7.483310e+06  2.732450e-11  7.499457e+06  2.862180e-11  7.515604e+06  2.998060e-11
  7.531751e+06  3.140400e-11  7.547897e+06  3.289490e-11  7.564044e+06  3.445660e-11
  7.580190e+06  3.609240e-11  7.596337e+06  3.780600e-11  7.612483e+06  3.960080e-11
  7.628630e+06  4.148090e-11  7.644776e+06  4.345020e-11  7.660923e+06  4.551300e-11
  7.677069e+06  4.767370e-11  7.693216e+06  4.993710e-11  7.709362e+06  5.230780e-11
  7.725509e+06  5.479120e-11  7.741655e+06  5.739240e-11  7.757802e+06  6.011720e-11
  7.773949e+06  6.297140e-11  7.790096e+06  6.596100e-11  7.806242e+06  6.909250e-11
  7.822389e+06  7.237280e-11  7.838535e+06  7.580860e-11  7.854682e+06  7.940770e-11
  7.870828e+06  8.317750e-11  7.886975e+06  8.712650e-11  7.903121e+06  9.126280e-11
  7.919268e+06  9.559560e-11  7.935414e+06  1.001340e-10  7.951561e+06  1.048880e-10
  7.967707e+06  1.098670e-10  7.983854e+06  1.150840e-10  8.000000e+06  1.205470e-10
  8.005028e+06  1.222210e-10  8.010055e+06  1.239180e-10  8.015083e+06  1.256380e-10
  8.020110e+06  1.273830e-10  8.025138e+06  1.291510e-10  8.030165e+06  1.309440e-10
  8.035192e+06  1.327620e-10  8.040219e+06  1.346060e-10  8.045247e+06  1.364750e-10
  8.050274e+06  1.383690e-10  8.055302e+06  1.402910e-10  8.060329e+06  1.422380e-10
  8.065357e+06  1.442130e-10  8.070384e+06  1.462160e-10  8.075411e+06  1.482450e-10
  8.080438e+06  1.503040e-10  8.085466e+06  1.523910e-10  8.090493e+06  1.545060e-10
  8.095521e+06  1.566520e-10  8.100548e+06  1.588260e-10  8.105576e+06  1.610320e-10
  8.110603e+06  1.632680e-10  8.115630e+06  1.655340e-10  8.120657e+06  1.678320e-10
  8.125685e+06  1.701630e-10  8.130712e+06  1.725250e-10  8.135739e+06  1.749200e-10
  8.140766e+06  1.773490e-10  8.145794e+06  1.798110e-10  8.150821e+06  1.823080e-10
  8.155848e+06  1.848390e-10  8.160875e+06  1.874050e-10  8.165903e+06  1.900070e-10
  8.170930e+06  1.926450e-10  8.175958e+06  1.953200e-10  8.180985e+06  1.980320e-10
  8.186013e+06  2.007810e-10  8.191040e+06  2.035690e-10  8.196067e+06  2.063950e-10
  8.201094e+06  2.092600e-10  8.206122e+06  2.121660e-10  8.211149e+06  2.151120e-10
  8.216177e+06  2.180990e-10  8.221204e+06  2.211260e-10  8.226232e+06  2.241970e-10
  8.231259e+06  2.273090e-10  8.236286e+06  2.304650e-10  8.241313e+06  2.336650e-10
  8.246341e+06  2.369090e-10  8.251368e+06  2.401980e-10  8.256396e+06  2.435340e-10
  8.261423e+06  2.469150e-10  8.266451e+06  2.503430e-10  8.271478e+06  2.538190e-10
  8.276505e+06  2.573430e-10  8.281532e+06  2.609150e-10  8.286560e+06  2.645380e-10
  8.291587e+06  2.682110e-10  8.296614e+06  2.719340e-10  8.301641e+06  2.757100e-10
  8.306669e+06  2.795380e-10  8.311696e+06  2.834190e-10  8.316723e+06  2.873540e-10
  8.321750e+06  2.913430e-10  8.326861e+06  2.960150e-10  8.331971e+06  3.007600e-10
  8.337082e+06  3.055830e-10  8.342192e+06  3.104810e-10  8.347303e+06  3.154600e-10
  8.352413e+06  3.205170e-10  8.357523e+06  3.256550e-10  8.362633e+06  3.308760e-10
  8.367744e+06  3.361820e-10  8.372854e+06  3.415710e-10  8.377964e+06  3.470470e-10
  8.383074e+06  3.526100e-10  8.388185e+06  3.582640e-10  8.393295e+06  3.640080e-10
  8.398405e+06  3.698430e-10  8.403515e+06  3.757720e-10  8.408626e+06  3.817980e-10
  8.413736e+06  3.879180e-10  8.418847e+06  3.941380e-10  8.423957e+06  4.004570e-10
  8.429068e+06  4.068780e-10  8.434178e+06  4.134010e-10  8.439288e+06  4.200280e-10
  8.444398e+06  4.267620e-10  8.449509e+06  4.336050e-10  8.454619e+06  4.405560e-10
  8.459729e+06  4.476190e-10  8.464839e+06  4.547950e-10  8.469950e+06  4.620870e-10
  8.475060e+06  4.694950e-10  8.480170e+06  4.770210e-10  8.485280e+06  4.846690e-10
  8.493323e+06  4.969540e-10  8.501365e+06  5.095500e-10  8.509408e+06  5.224660e-10
  8.517450e+06  5.357080e-10  8.525493e+06  5.492880e-10  8.533535e+06  5.632100e-10
  8.541578e+06  5.774870e-10  8.549620e+06  5.921230e-10  8.557663e+06  6.071330e-10
  8.565705e+06  6.225210e-10  8.573748e+06  6.383010e-10  8.581790e+06  6.544790e-10
  8.589833e+06  6.710690e-10  8.597875e+06  6.880780e-10  8.605918e+06  7.055190e-10
  8.613960e+06  7.234010e-10  8.622003e+06  7.417380e-10  8.630045e+06  7.605380e-10
  8.638088e+06  7.798170e-10  8.646130e+06  7.995810e-10  8.654173e+06  8.198500e-10
  8.662215e+06  8.406290e-10  8.670258e+06  8.619380e-10  8.678300e+06  8.837840e-10
  8.686343e+06  9.061870e-10  8.694385e+06  9.291550e-10  8.702428e+06  9.527080e-10
  8.710470e+06  9.768540e-10  8.718513e+06  1.001616e-09  8.726555e+06  1.027003e-09
  8.734598e+06  1.053036e-09  8.742640e+06  1.079726e-09  8.750683e+06  1.107095e-09
  8.758725e+06  1.135155e-09  8.766768e+06  1.163930e-09  8.774810e+06  1.193430e-09
  8.782853e+06  1.223682e-09  8.790895e+06  1.254697e-09  8.798938e+06  1.286502e-09
  8.806980e+06  1.319109e-09  8.815023e+06  1.352546e-09  8.823065e+06  1.386827e-09
  8.831108e+06  1.421981e-09  8.839150e+06  1.458022e-09  8.847193e+06  1.494981e-09
  8.855235e+06  1.532872e-09  8.863278e+06  1.571728e-09  8.871320e+06  1.611564e-09
  8.879363e+06  1.652415e-09  8.887405e+06  1.694297e-09  8.895448e+06  1.737245e-09
  8.903490e+06  1.781276e-09  8.911533e+06  1.826429e-09  8.919575e+06  1.872721e-09
  8.927618e+06  1.920192e-09  8.935660e+06  1.968860e-09  8.943703e+06  2.018768e-09
  8.951745e+06  2.069934e-09  8.959788e+06  2.122404e-09  8.967830e+06  2.176198e-09
  8.975873e+06  2.231361e-09  8.983915e+06  2.287916e-09  8.991958e+06  2.345912e-09
  9.000000e+06  2.405370e-09  9.007607e+06  2.466533e-09  9.015214e+06  2.529251e-09
  9.022821e+06  2.593565e-09  9.030427e+06  2.659504e-09  9.038034e+06  2.727129e-09
  9.045641e+06  2.796474e-09  9.053248e+06  2.867582e-09  9.060854e+06  2.940489e-09
  9.068461e+06  3.015258e-09  9.076068e+06  3.091930e-09  9.083675e+06  3.170550e-09
  9.091281e+06  3.251160e-09  9.098888e+06  3.333829e-09  9.106495e+06  3.418601e-09
  9.114102e+06  3.505528e-09  9.121708e+06  3.594654e-09  9.129315e+06  3.686058e-09
  9.136922e+06  3.779786e-09  9.144529e+06  3.875897e-09  9.152135e+06  3.974439e-09
  9.159742e+06  4.075500e-09  9.167349e+06  4.179131e-09  9.174956e+06  4.285397e-09
  9.182562e+06  4.394350e-09  9.190169e+06  4.506089e-09  9.197776e+06  4.620668e-09
  9.205383e+06  4.738161e-09  9.212989e+06  4.858626e-09  9.220596e+06  4.982170e-09
  9.228202e+06  5.108838e-09  9.235809e+06  5.238745e-09  9.243415e+06  5.371936e-09
  9.251022e+06  5.508532e-09  9.258629e+06  5.648602e-09  9.266236e+06  5.792233e-09
  9.273842e+06  5.939497e-09  9.281449e+06  6.090525e-09  9.289056e+06  6.245393e-09
  9.296663e+06  6.404199e-09  9.304269e+06  6.567022e-09  9.311876e+06  6.734006e-09
  9.319483e+06  6.905237e-09  9.327090e+06  7.080821e-09  9.334696e+06  7.260846e-09
  9.342303e+06  7.445473e-09  9.349910e+06  7.634795e-09  9.357517e+06  7.828930e-09
  9.365123e+06  8.027976e-09  9.372730e+06  8.232109e-09  9.380337e+06  8.441433e-09
  9.387944e+06  8.656079e-09  9.395550e+06  8.876154e-09  9.403157e+06  9.101855e-09
  9.410764e+06  9.333294e-09  9.418371e+06  9.570619e-09  9.425977e+06  9.813945e-09
  9.433584e+06  1.006349e-08  9.441191e+06  1.031938e-08  9.448798e+06  1.058178e-08
  9.456404e+06  1.085082e-08  9.464011e+06  1.112673e-08  9.471617e+06  1.140962e-08
  9.479224e+06  1.169974e-08  9.486830e+06  1.199720e-08  9.494849e+06  1.231900e-08
  9.502867e+06  1.264939e-08  9.510886e+06  1.298869e-08  9.518904e+06  1.333705e-08
  9.526923e+06  1.369479e-08  9.534941e+06  1.406208e-08  9.542959e+06  1.443922e-08
  9.550977e+06  1.482648e-08  9.558996e+06  1.522418e-08  9.567014e+06  1.563249e-08
  9.575032e+06  1.605175e-08  9.583050e+06  1.648225e-08  9.591069e+06  1.692436e-08
  9.599087e+06  1.737827e-08  9.607105e+06  1.784435e-08  9.615123e+06  1.832293e-08
  9.623142e+06  1.881441e-08  9.631160e+06  1.931901e-08  9.639178e+06  1.983714e-08
  9.647196e+06  2.036917e-08  9.655215e+06  2.091554e-08  9.663233e+06  2.147649e-08
  9.671251e+06  2.205249e-08  9.679269e+06  2.264393e-08  9.687288e+06  2.325131e-08
  9.695306e+06  2.387491e-08  9.703324e+06  2.451523e-08  9.711342e+06  2.517273e-08
  9.719361e+06  2.584794e-08  9.727379e+06  2.654118e-08  9.735397e+06  2.725301e-08
  9.743415e+06  2.798393e-08  9.751434e+06  2.873455e-08  9.759452e+06  2.950520e-08
  9.767471e+06  3.029663e-08  9.775489e+06  3.110918e-08  9.783508e+06  3.194363e-08
  9.791526e+06  3.280035e-08  9.799544e+06  3.368005e-08  9.807562e+06  3.458334e-08
  9.815581e+06  3.551098e-08  9.823599e+06  3.646338e-08  9.831617e+06  3.744132e-08
  9.839635e+06  3.844549e-08  9.847654e+06  3.947672e-08  9.855672e+06  4.053548e-08
  9.863690e+06  4.162264e-08  9.871708e+06  4.273895e-08  9.879727e+06  4.388535e-08
  9.887745e+06  4.506234e-08  9.895763e+06  4.627091e-08  9.903781e+06  4.751189e-08
  9.911800e+06  4.878631e-08  9.919818e+06  5.009475e-08  9.927836e+06  5.143828e-08
  9.935854e+06  5.281785e-08  9.943873e+06  5.423459e-08  9.951891e+06  5.568916e-08
  9.959909e+06  5.718273e-08  9.967927e+06  5.871636e-08  9.975946e+06  6.029132e-08
  9.983964e+06  6.190833e-08  9.991982e+06  6.356870e-08  1.000000e+07  6.527360e-08
  1.000763e+07  6.670720e-08  1.001526e+07  6.817229e-08  1.002289e+07  6.966956e-08
  1.003051e+07  7.119769e-08  1.003814e+07  7.276140e-08  1.004577e+07  7.435946e-08
  1.005340e+07  7.599262e-08  1.006102e+07  7.765943e-08  1.006865e+07  7.936506e-08
  1.007628e+07  8.110816e-08  1.008391e+07  8.288954e-08  1.009153e+07  8.470763e-08
  1.009916e+07  8.656806e-08  1.010678e+07  8.846684e-08  1.011441e+07  9.040983e-08
  1.012203e+07  9.239287e-08  1.012966e+07  9.442210e-08  1.013729e+07  9.649589e-08
  1.014492e+07  9.861523e-08  1.015254e+07  1.007782e-07  1.016017e+07  1.029916e-07
  1.016779e+07  1.052506e-07  1.017542e+07  1.075623e-07  1.018304e+07  1.099215e-07
  1.019067e+07  1.123357e-07  1.019830e+07  1.148030e-07  1.020593e+07  1.173244e-07
  1.021355e+07  1.198978e-07  1.022118e+07  1.225311e-07  1.022880e+07  1.252187e-07
  1.023643e+07  1.279688e-07  1.024405e+07  1.307757e-07  1.025168e+07  1.336479e-07
  1.025931e+07  1.365832e-07  1.026694e+07  1.395830e-07  1.027456e+07  1.426446e-07
  1.028219e+07  1.457775e-07  1.028982e+07  1.489792e-07  1.029745e+07  1.522512e-07
  1.030507e+07  1.555907e-07  1.031270e+07  1.590079e-07  1.032033e+07  1.625002e-07
  1.032796e+07  1.660692e-07  1.033558e+07  1.697118e-07  1.034321e+07  1.734392e-07
  1.035083e+07  1.772434e-07  1.035846e+07  1.811361e-07  1.036608e+07  1.851092e-07
  1.037371e+07  1.891747e-07  1.038134e+07  1.933296e-07  1.038897e+07  1.975757e-07
  1.039659e+07  2.019093e-07  1.040422e+07  2.063438e-07  1.041184e+07  2.108697e-07
  1.041947e+07  2.155011e-07  1.042709e+07  2.202278e-07  1.043472e+07  2.250647e-07
  1.044235e+07  2.300078e-07  1.044998e+07  2.350595e-07  1.045760e+07  2.402152e-07
  1.046523e+07  2.454911e-07  1.047285e+07  2.508756e-07  1.048048e+07  2.563856e-07
  1.048810e+07  2.620092e-07  1.049610e+07  2.680459e-07  1.050410e+07  2.742218e-07
  1.051210e+07  2.805399e-07  1.052010e+07  2.870036e-07  1.052810e+07  2.936162e-07
  1.053610e+07  3.003812e-07  1.054410e+07  3.073020e-07  1.055209e+07  3.143734e-07
  1.056009e+07  3.216166e-07  1.056809e+07  3.290267e-07  1.057609e+07  3.366076e-07
  1.058409e+07  3.443631e-07  1.059209e+07  3.522973e-07  1.060009e+07  3.604143e-07
  1.060809e+07  3.687184e-07  1.061608e+07  3.772030e-07  1.062408e+07  3.858938e-07
  1.063208e+07  3.947849e-07  1.064008e+07  4.038808e-07  1.064808e+07  4.131863e-07
  1.065608e+07  4.227062e-07  1.066408e+07  4.324455e-07  1.067208e+07  4.424091e-07
  1.068007e+07  4.525894e-07  1.068807e+07  4.630172e-07  1.069607e+07  4.736852e-07
  1.070407e+07  4.845990e-07  1.071206e+07  4.957502e-07  1.072006e+07  5.071724e-07
  1.072806e+07  5.188577e-07  1.073606e+07  5.308123e-07  1.074405e+07  5.430269e-07
  1.075205e+07  5.555384e-07  1.076005e+07  5.683381e-07  1.076805e+07  5.814327e-07
  1.077605e+07  5.948291e-07  1.078405e+07  6.085341e-07  1.079205e+07  6.225548e-07
  1.080005e+07  6.368986e-07  1.080804e+07  6.515544e-07  1.081604e+07  6.665663e-07
  1.082404e+07  6.819241e-07  1.083204e+07  6.976358e-07  1.084004e+07  7.137095e-07
  1.084804e+07  7.301535e-07  1.085604e+07  7.469764e-07  1.086404e+07  7.641869e-07
  1.087203e+07  7.817717e-07  1.088003e+07  7.997839e-07  1.088803e+07  8.182111e-07
  1.089603e+07  8.370629e-07  1.090403e+07  8.563490e-07  1.091203e+07  8.760795e-07
  1.092003e+07  8.962645e-07  1.092803e+07  9.169147e-07  1.093602e+07  9.380139e-07
  1.094402e+07  9.596259e-07  1.095202e+07  9.817359e-07  1.096002e+07  1.004355e-06
  1.096801e+07  1.027467e-06  1.097601e+07  1.051140e-06  1.098401e+07  1.075358e-06
  1.099201e+07  1.100135e-06  1.100000e+07  1.125450e-06  1.100782e+07  1.140783e-06
  1.101563e+07  1.156305e-06  1.102344e+07  1.172038e-06  1.103125e+07  1.187986e-06
  1.103907e+07  1.204171e-06  1.104688e+07  1.220555e-06  1.105469e+07  1.237163e-06
  1.106250e+07  1.253996e-06  1.107032e+07  1.271080e-06  1.107813e+07  1.288375e-06
  1.108594e+07  1.305906e-06  1.109375e+07  1.323674e-06  1.110157e+07  1.341708e-06
  1.110938e+07  1.359964e-06  1.111719e+07  1.378468e-06  1.112500e+07  1.397224e-06
  1.113282e+07  1.416260e-06  1.114063e+07  1.435530e-06  1.114844e+07  1.455063e-06
  1.115625e+07  1.474861e-06  1.116407e+07  1.494955e-06  1.117188e+07  1.515296e-06
  1.117969e+07  1.535913e-06  1.118750e+07  1.556812e-06  1.119532e+07  1.578022e-06
  1.120313e+07  1.599493e-06  1.121094e+07  1.621256e-06  1.121875e+07  1.643316e-06
  1.122657e+07  1.665704e-06  1.123438e+07  1.688369e-06  1.124219e+07  1.711341e-06
  1.125000e+07  1.734627e-06  1.125782e+07  1.758259e-06  1.126563e+07  1.782183e-06
  1.127344e+07  1.806432e-06  1.128125e+07  1.831011e-06  1.128907e+07  1.855957e-06
  1.129688e+07  1.881210e-06  1.130469e+07  1.906807e-06  1.131250e+07  1.932751e-06
  1.132032e+07  1.959083e-06  1.132813e+07  1.985739e-06  1.133594e+07  2.012758e-06
  1.134375e+07  2.040145e-06  1.135157e+07  2.067940e-06  1.135938e+07  2.096077e-06
  1.136719e+07  2.124597e-06  1.137500e+07  2.153505e-06  1.138282e+07  2.182845e-06
  1.139063e+07  2.212545e-06  1.139844e+07  2.242650e-06  1.140625e+07  2.273165e-06
  1.141407e+07  2.304134e-06  1.142188e+07  2.335486e-06  1.142969e+07  2.367263e-06
  1.143750e+07  2.399473e-06  1.144532e+07  2.432164e-06  1.145313e+07  2.465257e-06
  1.146094e+07  2.498800e-06  1.146875e+07  2.532800e-06  1.147657e+07  2.567307e-06
  1.148438e+07  2.602239e-06  1.149219e+07  2.637646e-06  1.150000e+07  2.673535e-06
  1.150782e+07  2.709959e-06  1.151563e+07  2.746832e-06  1.152344e+07  2.784207e-06
  1.153125e+07  2.822090e-06  1.153907e+07  2.860538e-06  1.154688e+07  2.899460e-06
  1.155469e+07  2.938911e-06  1.156250e+07  2.978899e-06  1.157032e+07  3.019484e-06
  1.157813e+07  3.060568e-06  1.158594e+07  3.102212e-06  1.159375e+07  3.144422e-06
  1.160157e+07  3.187261e-06  1.160938e+07  3.230629e-06  1.161719e+07  3.274586e-06
  1.162500e+07  3.319142e-06  1.163282e+07  3.364362e-06  1.164063e+07  3.410139e-06
  1.164844e+07  3.456538e-06  1.165625e+07  3.503570e-06  1.166407e+07  3.551302e-06
  1.167188e+07  3.599623e-06  1.167969e+07  3.648601e-06  1.168750e+07  3.698246e-06
  1.169532e+07  3.748630e-06  1.170313e+07  3.799636e-06  1.171094e+07  3.851336e-06
  1.171875e+07  3.903739e-06  1.172657e+07  3.956923e-06  1.173438e+07  4.010763e-06
  1.174219e+07  4.065335e-06  1.175000e+07  4.120650e-06  1.175782e+07  4.176789e-06
  1.176563e+07  4.233621e-06  1.177344e+07  4.291225e-06  1.178125e+07  4.349614e-06
  1.178907e+07  4.408873e-06  1.179688e+07  4.468862e-06  1.180469e+07  4.529667e-06
  1.181250e+07  4.591300e-06  1.182032e+07  4.653852e-06  1.182813e+07  4.717174e-06
  1.183594e+07  4.781358e-06  1.184375e+07  4.846415e-06  1.185157e+07  4.912443e-06
  1.185938e+07  4.979284e-06  1.186719e+07  5.047034e-06  1.187500e+07  5.115706e-06
  1.188282e+07  5.185403e-06  1.189063e+07  5.255958e-06  1.189844e+07  5.327473e-06
  1.190625e+07  5.399961e-06  1.191407e+07  5.473530e-06  1.192188e+07  5.548005e-06
  1.192969e+07  5.623494e-06  1.193750e+07  5.700009e-06  1.194532e+07  5.777666e-06
  1.195313e+07  5.856280e-06  1.196094e+07  5.935963e-06  1.196875e+07  6.016730e-06
  1.197657e+07  6.098702e-06  1.198438e+07  6.181684e-06  1.199219e+07  6.265795e-06
  1.200000e+07  6.351050e-06  1.200686e+07  6.408042e-06  1.201371e+07  6.465462e-06
  1.202056e+07  6.523396e-06  1.202741e+07  6.581850e-06  1.203427e+07  6.640913e-06
  1.204112e+07  6.700420e-06  1.204797e+07  6.760459e-06  1.205482e+07  6.821037e-06
  1.206168e+07  6.882247e-06  1.206853e+07  6.943916e-06  1.207538e+07  7.006137e-06
  1.208223e+07  7.068916e-06  1.208909e+07  7.132350e-06  1.209594e+07  7.196260e-06
  1.210279e+07  7.260743e-06  1.210964e+07  7.325803e-06  1.211650e+07  7.391543e-06
  1.212335e+07  7.457775e-06  1.213020e+07  7.524601e-06  1.213705e+07  7.592026e-06
  1.214391e+07  7.660155e-06  1.215076e+07  7.728794e-06  1.215761e+07  7.798048e-06
  1.216446e+07  7.867923e-06  1.217132e+07  7.938528e-06  1.217817e+07  8.009661e-06
  1.218502e+07  8.081433e-06  1.219187e+07  8.153847e-06  1.219873e+07  8.227017e-06
  1.220558e+07  8.300736e-06  1.221243e+07  8.375115e-06  1.221928e+07  8.450161e-06
  1.222614e+07  8.525990e-06  1.223299e+07  8.602388e-06  1.223984e+07  8.679470e-06
  1.224669e+07  8.757243e-06  1.225355e+07  8.835828e-06  1.226040e+07  8.915002e-06
  1.226725e+07  8.994886e-06  1.227410e+07  9.075485e-06  1.228096e+07  9.156926e-06
  1.228781e+07  9.238977e-06  1.229466e+07  9.321763e-06  1.230151e+07  9.405292e-06
  1.230837e+07  9.489692e-06  1.231522e+07  9.574725e-06  1.232207e+07  9.660520e-06
  1.232892e+07  9.747084e-06  1.233578e+07  9.834551e-06  1.234263e+07  9.922674e-06
  1.234948e+07  1.001159e-05  1.235633e+07  1.010130e-05  1.236319e+07  1.019194e-05
  1.237004e+07  1.028327e-05  1.237689e+07  1.037541e-05  1.238374e+07  1.046838e-05
  1.239060e+07  1.056232e-05  1.239745e+07  1.065697e-05  1.240430e+07  1.075246e-05
  1.241115e+07  1.084881e-05  1.241800e+07  1.094602e-05  1.242485e+07  1.104410e-05
  1.243170e+07  1.114306e-05  1.243855e+07  1.124291e-05  1.244541e+07  1.134380e-05
  1.245226e+07  1.144545e-05  1.245911e+07  1.154801e-05  1.246596e+07  1.165148e-05
  1.247282e+07  1.175604e-05  1.247967e+07  1.186138e-05  1.248652e+07  1.196767e-05
  1.249337e+07  1.207490e-05  1.250023e+07  1.218326e-05  1.250708e+07  1.229243e-05
  1.251393e+07  1.240258e-05  1.252078e+07  1.251371e-05  1.252764e+07  1.262600e-05
  1.253449e+07  1.273914e-05  1.254134e+07  1.285329e-05  1.254819e+07  1.296846e-05
  1.255505e+07  1.308484e-05  1.256190e+07  1.320209e-05  1.256875e+07  1.332038e-05
  1.257560e+07  1.343974e-05  1.258246e+07  1.356035e-05  1.258931e+07  1.368185e-05
  1.259616e+07  1.380445e-05  1.260301e+07  1.392815e-05  1.260987e+07  1.405313e-05
  1.261672e+07  1.417906e-05  1.262357e+07  1.430611e-05  1.263042e+07  1.443430e-05
  1.263728e+07  1.456383e-05  1.264413e+07  1.469433e-05  1.265098e+07  1.482600e-05
  1.265783e+07  1.495885e-05  1.266469e+07  1.509309e-05  1.267154e+07  1.522833e-05
  1.267839e+07  1.536478e-05  1.268524e+07  1.550246e-05  1.269210e+07  1.564158e-05
  1.269895e+07  1.578173e-05  1.270580e+07  1.592315e-05  1.271265e+07  1.606583e-05
  1.271951e+07  1.621000e-05  1.272636e+07  1.635525e-05  1.273321e+07  1.650180e-05
  1.274006e+07  1.664967e-05  1.274692e+07  1.679907e-05  1.275377e+07  1.694960e-05
  1.276062e+07  1.710148e-05  1.276747e+07  1.725472e-05  1.277433e+07  1.740956e-05
  1.278118e+07  1.756556e-05  1.278803e+07  1.772296e-05  1.279488e+07  1.788176e-05
  1.280174e+07  1.804223e-05  1.280859e+07  1.820390e-05  1.281544e+07  1.836702e-05
  1.282229e+07  1.853159e-05  1.282915e+07  1.869789e-05  1.283600e+07  1.886544e-05
  1.284285e+07  1.903448e-05  1.284970e+07  1.920504e-05  1.285655e+07  1.937713e-05
  1.286340e+07  1.955076e-05  1.287025e+07  1.972594e-05  1.287710e+07  1.990270e-05
  1.288479e+07  2.007785e-05  1.289247e+07  2.025431e-05  1.290015e+07  2.043232e-05
  1.290783e+07  2.061189e-05  1.291551e+07  2.079304e-05  1.292319e+07  2.097579e-05
  1.293087e+07  2.116014e-05  1.293855e+07  2.134611e-05  1.294624e+07  2.153396e-05
  1.295392e+07  2.172322e-05  1.296160e+07  2.191414e-05  1.296928e+07  2.210673e-05
  1.297696e+07  2.230102e-05  1.298464e+07  2.249702e-05  1.299232e+07  2.269474e-05
  1.300000e+07  2.289420e-05  1.300782e+07  2.308472e-05  1.301563e+07  2.327659e-05
  1.302344e+07  2.347004e-05  1.303125e+07  2.366511e-05  1.303907e+07  2.386205e-05
  1.304688e+07  2.406037e-05  1.305469e+07  2.426034e-05  1.306250e+07  2.446197e-05
  1.307032e+07  2.466554e-05  1.307813e+07  2.487055e-05  1.308594e+07  2.507725e-05
  1.309375e+07  2.528567e-05  1.310157e+07  2.549610e-05  1.310938e+07  2.570800e-05
  1.311719e+07  2.592167e-05  1.312500e+07  2.613711e-05  1.313282e+07  2.635462e-05
  1.314063e+07  2.657366e-05  1.314844e+07  2.679452e-05  1.315625e+07  2.701721e-05
  1.316407e+07  2.724205e-05  1.317188e+07  2.746846e-05  1.317969e+07  2.769676e-05
  1.318750e+07  2.792695e-05  1.319532e+07  2.815936e-05  1.320313e+07  2.839340e-05
  1.321094e+07  2.862938e-05  1.321875e+07  2.886733e-05  1.322657e+07  2.910756e-05
  1.323438e+07  2.934948e-05  1.324219e+07  2.959341e-05  1.325000e+07  2.983937e-05
  1.325782e+07  3.008769e-05  1.326563e+07  3.033775e-05  1.327344e+07  3.058990e-05
  1.328125e+07  3.084414e-05  1.328907e+07  3.110082e-05  1.329688e+07  3.135930e-05
  1.330469e+07  3.161994e-05  1.331250e+07  3.188274e-05  1.332032e+07  3.214806e-05
  1.332813e+07  3.241525e-05  1.333594e+07  3.268466e-05  1.334375e+07  3.295631e-05
  1.335157e+07  3.323057e-05  1.335938e+07  3.350676e-05  1.336719e+07  3.378524e-05
  1.337500e+07  3.406604e-05  1.338282e+07  3.434953e-05  1.339063e+07  3.463502e-05
  1.339844e+07  3.492288e-05  1.340625e+07  3.521313e-05  1.341407e+07  3.550617e-05
  1.342188e+07  3.580127e-05  1.342969e+07  3.609883e-05  1.343750e+07  3.639885e-05
  1.344532e+07  3.670176e-05  1.345313e+07  3.700680e-05  1.346094e+07  3.731437e-05
  1.346875e+07  3.762450e-05  1.347657e+07  3.793760e-05  1.348438e+07  3.825291e-05
  1.349219e+07  3.857084e-05  1.350000e+07  3.889141e-05  1.350782e+07  3.921506e-05
  1.351563e+07  3.954099e-05  1.352344e+07  3.986962e-05  1.353125e+07  4.020099e-05
  1.353907e+07  4.053554e-05  1.354688e+07  4.087244e-05  1.355469e+07  4.121214e-05
  1.356250e+07  4.155466e-05  1.357032e+07  4.190048e-05  1.357813e+07  4.224872e-05
  1.358594e+07  4.259986e-05  1.359375e+07  4.295392e-05  1.360157e+07  4.331137e-05
  1.360938e+07  4.367135e-05  1.361719e+07  4.403431e-05  1.362500e+07  4.440029e-05
  1.363282e+07  4.476978e-05  1.364063e+07  4.514187e-05  1.364844e+07  4.551706e-05
  1.365625e+07  4.589536e-05  1.366407e+07  4.627730e-05  1.367188e+07  4.666192e-05
  1.367969e+07  4.704974e-05  1.368750e+07  4.744078e-05  1.369532e+07  4.783558e-05
  1.370313e+07  4.823315e-05  1.371094e+07  4.863403e-05  1.371875e+07  4.903823e-05
  1.372657e+07  4.944633e-05  1.373438e+07  4.985729e-05  1.374219e+07  5.027166e-05
  1.375000e+07  5.068948e-05  1.375782e+07  5.111131e-05  1.376563e+07  5.153611e-05
  1.377344e+07  5.196444e-05  1.378125e+07  5.239633e-05  1.378907e+07  5.283237e-05
  1.379688e+07  5.327147e-05  1.380469e+07  5.371422e-05  1.381250e+07  5.416065e-05
  1.382032e+07  5.461137e-05  1.382813e+07  5.506526e-05  1.383594e+07  5.552292e-05
  1.384375e+07  5.598438e-05  1.385157e+07  5.645028e-05  1.385938e+07  5.691945e-05
  1.386719e+07  5.739252e-05  1.387500e+07  5.786952e-05  1.388282e+07  5.835111e-05
  1.389063e+07  5.883608e-05  1.389844e+07  5.932508e-05  1.390625e+07  5.981814e-05
  1.391407e+07  6.031594e-05  1.392188e+07  6.081724e-05  1.392969e+07  6.132271e-05
  1.393750e+07  6.183237e-05  1.394532e+07  6.234694e-05  1.395313e+07  6.286512e-05
  1.396094e+07  6.338760e-05  1.396875e+07  6.391443e-05  1.397657e+07  6.444632e-05
  1.398438e+07  6.498195e-05  1.399219e+07  6.552203e-05  1.400000e+07  6.606660e-05
  1.401563e+07  6.711670e-05  1.403125e+07  6.818281e-05  1.404688e+07  6.926655e-05
  1.406250e+07  7.036680e-05  1.407813e+07  7.148526e-05  1.409375e+07  7.262076e-05
  1.410938e+07  7.377503e-05  1.412500e+07  7.494690e-05  1.414063e+07  7.613816e-05
  1.415625e+07  7.734756e-05  1.417188e+07  7.857697e-05  1.418750e+07  7.982512e-05
  1.420313e+07  8.109391e-05  1.421875e+07  8.238203e-05  1.423438e+07  8.369146e-05
  1.425000e+07  8.502085e-05  1.426563e+07  8.637222e-05  1.428125e+07  8.774419e-05
  1.429688e+07  8.913885e-05  1.431250e+07  9.055477e-05  1.432813e+07  9.199410e-05
  1.434375e+07  9.345537e-05  1.435938e+07  9.494080e-05  1.437500e+07  9.644888e-05
  1.439063e+07  9.798190e-05  1.440625e+07  9.953828e-05  1.442188e+07  1.011204e-04
  1.443750e+07  1.027266e-04  1.445313e+07  1.043594e-04  1.446875e+07  1.060171e-04
  1.448438e+07  1.077022e-04  1.450000e+07  1.094130e-04  1.451563e+07  1.110977e-04
  1.453125e+07  1.128073e-04  1.454688e+07  1.145443e-04  1.456250e+07  1.163070e-04
  1.457813e+07  1.180979e-04  1.459375e+07  1.199152e-04  1.460938e+07  1.217616e-04
  1.462500e+07  1.236353e-04  1.464063e+07  1.255390e-04  1.465625e+07  1.274709e-04
  1.467188e+07  1.294337e-04  1.468750e+07  1.314254e-04  1.470313e+07  1.334491e-04
  1.471875e+07  1.355026e-04  1.473438e+07  1.375891e-04  1.475000e+07  1.397063e-04
  1.476563e+07  1.418575e-04  1.478125e+07  1.440404e-04  1.479688e+07  1.462584e-04
  1.481250e+07  1.485090e-04  1.482813e+07  1.507958e-04  1.484375e+07  1.531162e-04
  1.485938e+07  1.554739e-04  1.487500e+07  1.578664e-04  1.489063e+07  1.602972e-04
  1.490625e+07  1.627639e-04  1.492188e+07  1.652701e-04  1.493750e+07  1.678133e-04
  1.495313e+07  1.703973e-04  1.496875e+07  1.730194e-04  1.498438e+07  1.756836e-04
  1.500000e+07  1.783870e-04  1.501345e+07  1.806458e-04  1.502689e+07  1.829316e-04
  1.504033e+07  1.852462e-04  1.505377e+07  1.875902e-04  1.506721e+07  1.899638e-04
  1.508065e+07  1.923674e-04  1.509409e+07  1.948015e-04  1.510753e+07  1.972663e-04
  1.512097e+07  1.997624e-04  1.513441e+07  2.022900e-04  1.514785e+07  2.048496e-04
  1.516129e+07  2.074416e-04  1.517473e+07  2.100664e-04  1.518817e+07  2.127244e-04
  1.520161e+07  2.154160e-04  1.521505e+07  2.181417e-04  1.522850e+07  2.209039e-04
  1.524194e+07  2.236991e-04  1.525538e+07  2.265296e-04  1.526882e+07  2.293959e-04
  1.528226e+07  2.322985e-04  1.529570e+07  2.352378e-04  1.530914e+07  2.382143e-04
  1.532258e+07  2.412284e-04  1.533602e+07  2.442807e-04  1.534946e+07  2.473716e-04
  1.536290e+07  2.505017e-04  1.537634e+07  2.536713e-04  1.538978e+07  2.568810e-04
  1.540322e+07  2.601314e-04  1.541666e+07  2.634229e-04  1.543010e+07  2.667560e-04
  1.544355e+07  2.701338e-04  1.545699e+07  2.735518e-04  1.547043e+07  2.770131e-04
  1.548387e+07  2.805182e-04  1.549731e+07  2.840677e-04  1.551075e+07  2.876620e-04
  1.552419e+07  2.913018e-04  1.553763e+07  2.949877e-04  1.555107e+07  2.987202e-04
  1.556451e+07  3.025000e-04  1.557795e+07  3.063276e-04  1.559139e+07  3.102036e-04
  1.560483e+07  3.141286e-04  1.561827e+07  3.181033e-04  1.563171e+07  3.221283e-04
  1.564515e+07  3.262043e-04  1.565860e+07  3.303349e-04  1.567204e+07  3.345146e-04
  1.568548e+07  3.387473e-04  1.569892e+07  3.430335e-04  1.571236e+07  3.473740e-04
  1.572580e+07  3.517693e-04  1.573924e+07  3.562203e-04  1.575268e+07  3.607276e-04
  1.576612e+07  3.652920e-04  1.577956e+07  3.699141e-04  1.579300e+07  3.745946e-04
  1.580644e+07  3.793344e-04  1.581988e+07  3.841342e-04  1.583332e+07  3.889947e-04
  1.584676e+07  3.939167e-04  1.586020e+07  3.989010e-04  1.586894e+07  4.020666e-04
  1.587768e+07  4.052573e-04  1.588642e+07  4.084733e-04  1.589515e+07  4.117111e-04
  1.590389e+07  4.149784e-04  1.591263e+07  4.182715e-04  1.592137e+07  4.215908e-04
  1.593010e+07  4.249326e-04  1.593884e+07  4.283048e-04  1.594758e+07  4.317037e-04
  1.595632e+07  4.351296e-04  1.596505e+07  4.385787e-04  1.597379e+07  4.420591e-04
  1.598253e+07  4.455672e-04  1.599127e+07  4.491031e-04  1.600000e+07  4.526630e-04
  1.601037e+07  4.565645e-04  1.602073e+07  4.604958e-04  1.603109e+07  4.644610e-04
  1.604145e+07  4.684603e-04  1.605181e+07  4.724941e-04  1.606217e+07  4.765626e-04
  1.607253e+07  4.806661e-04  1.608289e+07  4.848050e-04  1.609326e+07  4.889835e-04
  1.610362e+07  4.931940e-04  1.611398e+07  4.974407e-04  1.612434e+07  5.017240e-04
  1.613470e+07  5.060442e-04  1.614506e+07  5.104016e-04  1.615542e+07  5.147965e-04
  1.616578e+07  5.192292e-04  1.617615e+07  5.237045e-04  1.618651e+07  5.282139e-04
  1.619687e+07  5.327622e-04  1.620723e+07  5.373497e-04  1.621759e+07  5.419766e-04
  1.622795e+07  5.466434e-04  1.623831e+07  5.513504e-04  1.624867e+07  5.560979e-04
  1.625903e+07  5.608862e-04  1.626939e+07  5.657158e-04  1.627975e+07  5.705870e-04
  1.629011e+07  5.755002e-04  1.630047e+07  5.804556e-04  1.631083e+07  5.854537e-04
  1.632119e+07  5.904949e-04  1.633155e+07  5.955794e-04  1.634192e+07  6.007128e-04
  1.635228e+07  6.058853e-04  1.636264e+07  6.111024e-04  1.637300e+07  6.163644e-04
  1.638336e+07  6.216717e-04  1.639372e+07  6.270247e-04  1.640408e+07  6.324238e-04
  1.641444e+07  6.378694e-04  1.642481e+07  6.433672e-04  1.643517e+07  6.489070e-04
  1.644553e+07  6.544946e-04  1.645589e+07  6.601302e-04  1.646625e+07  6.658144e-04
  1.647661e+07  6.715475e-04  1.648697e+07  6.773300e-04  1.649733e+07  6.831622e-04
  1.650770e+07  6.890504e-04  1.651806e+07  6.949836e-04  1.652842e+07  7.009679e-04
  1.653878e+07  7.070037e-04  1.654914e+07  7.130915e-04  1.655950e+07  7.192317e-04
  1.656986e+07  7.254247e-04  1.658022e+07  7.316711e-04  1.659058e+07  7.379713e-04
  1.660094e+07  7.443257e-04  1.661130e+07  7.507349e-04  1.662166e+07  7.571992e-04
  1.663202e+07  7.637192e-04  1.664238e+07  7.702954e-04  1.665274e+07  7.769281e-04
  1.666310e+07  7.836180e-04  1.667363e+07  7.894561e-04  1.668416e+07  7.953378e-04
  1.669469e+07  8.012632e-04  1.670522e+07  8.072328e-04  1.671575e+07  8.132469e-04
  1.672628e+07  8.193058e-04  1.673681e+07  8.254098e-04  1.674733e+07  8.315534e-04
  1.675786e+07  8.377487e-04  1.676839e+07  8.439901e-04  1.677892e+07  8.502780e-04
  1.678944e+07  8.566068e-04  1.679997e+07  8.629887e-04  1.681050e+07  8.694182e-04
  1.682103e+07  8.758955e-04  1.683155e+07  8.824149e-04  1.684208e+07  8.889891e-04
  1.685261e+07  8.956123e-04  1.686314e+07  9.022848e-04  1.687367e+07  9.090071e-04
  1.688420e+07  9.157794e-04  1.689473e+07  9.226022e-04  1.690526e+07  9.294758e-04
  1.691578e+07  9.363940e-04  1.692631e+07  9.433703e-04  1.693684e+07  9.503987e-04
  1.694737e+07  9.574793e-04  1.695789e+07  9.646060e-04  1.696842e+07  9.717925e-04
  1.697895e+07  9.790326e-04  1.698948e+07  9.863266e-04  1.700000e+07  9.936680e-04
  1.701563e+07  1.003546e-03  1.703125e+07  1.013516e-03  1.704688e+07  1.023592e-03
  1.706250e+07  1.033761e-03  1.707813e+07  1.044038e-03  1.709375e+07  1.054410e-03
  1.710938e+07  1.064893e-03  1.712500e+07  1.075472e-03  1.714063e+07  1.086164e-03
  1.715625e+07  1.096954e-03  1.717188e+07  1.107860e-03  1.718750e+07  1.118866e-03
  1.720313e+07  1.129989e-03  1.721875e+07  1.141215e-03  1.723438e+07  1.152560e-03
  1.725000e+07  1.164011e-03  1.726563e+07  1.175582e-03  1.728125e+07  1.187262e-03
  1.729688e+07  1.199064e-03  1.731250e+07  1.210977e-03  1.732813e+07  1.223016e-03
  1.734375e+07  1.235166e-03  1.735938e+07  1.247445e-03  1.737500e+07  1.259838e-03
  1.739063e+07  1.272363e-03  1.740625e+07  1.285003e-03  1.742188e+07  1.297778e-03
  1.743750e+07  1.310671e-03  1.745313e+07  1.323701e-03  1.746875e+07  1.336852e-03
  1.748438e+07  1.350141e-03  1.750000e+07  1.363555e-03  1.751563e+07  1.377110e-03
  1.753125e+07  1.390792e-03  1.754688e+07  1.404618e-03  1.756250e+07  1.418573e-03
  1.757813e+07  1.432675e-03  1.759375e+07  1.446908e-03  1.760938e+07  1.461292e-03
  1.762500e+07  1.475810e-03  1.764063e+07  1.490481e-03  1.765625e+07  1.505289e-03
  1.767188e+07  1.520254e-03  1.768750e+07  1.535357e-03  1.770313e+07  1.550620e-03
  1.771875e+07  1.566026e-03  1.773438e+07  1.581594e-03  1.775000e+07  1.597307e-03
  1.776563e+07  1.613186e-03  1.778125e+07  1.629213e-03  1.779688e+07  1.645409e-03
  1.781250e+07  1.661756e-03  1.782813e+07  1.678276e-03  1.784375e+07  1.694949e-03
  1.785938e+07  1.711799e-03  1.787500e+07  1.728805e-03  1.789063e+07  1.745992e-03
  1.790625e+07  1.763338e-03  1.792188e+07  1.780868e-03  1.793750e+07  1.798560e-03
  1.795313e+07  1.816440e-03  1.796875e+07  1.834486e-03  1.798438e+07  1.852723e-03
  1.800000e+07  1.871130e-03  1.801563e+07  1.884840e-03  1.803125e+07  1.898641e-03
  1.804688e+07  1.912553e-03  1.806250e+07  1.926557e-03  1.807813e+07  1.940673e-03
  1.809375e+07  1.954883e-03  1.810938e+07  1.969207e-03  1.812500e+07  1.983626e-03
  1.814063e+07  1.998160e-03  1.815625e+07  2.012791e-03  1.817188e+07  2.027539e-03
  1.818750e+07  2.042385e-03  1.820313e+07  2.057350e-03  1.821875e+07  2.072414e-03
  1.823438e+07  2.087599e-03  1.825000e+07  2.102885e-03  1.826563e+07  2.118293e-03
  1.828125e+07  2.133804e-03  1.829688e+07  2.149438e-03  1.831250e+07  2.165177e-03
  1.832813e+07  2.181041e-03  1.834375e+07  2.197012e-03  1.835938e+07  2.213109e-03
  1.837500e+07  2.229314e-03  1.839063e+07  2.245648e-03  1.840625e+07  2.262092e-03
  1.842188e+07  2.278666e-03  1.843750e+07  2.295351e-03  1.845313e+07  2.312169e-03
  1.846875e+07  2.329100e-03  1.848438e+07  2.346165e-03  1.850000e+07  2.363345e-03
  1.851563e+07  2.380661e-03  1.853125e+07  2.398093e-03  1.854688e+07  2.415664e-03
  1.856250e+07  2.433352e-03  1.857813e+07  2.451181e-03  1.859375e+07  2.469130e-03
  1.860938e+07  2.487221e-03  1.862500e+07  2.505433e-03  1.864063e+07  2.523791e-03
  1.865625e+07  2.542271e-03  1.867188e+07  2.560898e-03  1.868750e+07  2.579650e-03
  1.870313e+07  2.598551e-03  1.871875e+07  2.617578e-03  1.873438e+07  2.636757e-03
  1.875000e+07  2.656064e-03  1.876563e+07  2.675525e-03  1.878125e+07  2.695117e-03
  1.879688e+07  2.714864e-03  1.881250e+07  2.734743e-03  1.882813e+07  2.754780e-03
  1.884375e+07  2.774952e-03  1.885938e+07  2.795284e-03  1.887500e+07  2.815752e-03
  1.889063e+07  2.836383e-03  1.890625e+07  2.857152e-03  1.892188e+07  2.878086e-03
  1.893750e+07  2.899161e-03  1.895313e+07  2.920403e-03  1.896875e+07  2.941787e-03
  1.898438e+07  2.963341e-03  1.900000e+07  2.985040e-03  1.903125e+07  3.018728e-03
  1.906250e+07  3.052796e-03  1.909375e+07  3.087248e-03  1.912500e+07  3.122090e-03
  1.915625e+07  3.157324e-03  1.918750e+07  3.192956e-03  1.921875e+07  3.228990e-03
  1.925000e+07  3.265431e-03  1.928125e+07  3.302283e-03  1.931250e+07  3.339552e-03
  1.934375e+07  3.377240e-03  1.937500e+07  3.415354e-03  1.940625e+07  3.453898e-03
  1.943750e+07  3.492877e-03  1.946875e+07  3.532296e-03  1.950000e+07  3.572160e-03
  1.953125e+07  3.612474e-03  1.956250e+07  3.653243e-03  1.959375e+07  3.694472e-03
  1.962500e+07  3.736166e-03  1.965625e+07  3.778330e-03  1.968750e+07  3.820971e-03
  1.971875e+07  3.864093e-03  1.975000e+07  3.907701e-03  1.978125e+07  3.951802e-03
  1.981250e+07  3.996400e-03  1.984375e+07  4.041501e-03  1.987500e+07  4.087112e-03
  1.990625e+07  4.133237e-03  1.993750e+07  4.179883e-03  1.996875e+07  4.227055e-03
  2.000000e+07  4.274760e-03
             5             4
             2  1.277970e+02
             1
             2
             1
             2             2
  0.000000e+00  2.116840e+06             0             2
             1
             2             2
 -1.000000e+00  5.000000e-01  1.000000e+00  5.000000e-01
  0.000000e+00  2.000000e+07             0             2
             1
             2             2
 -1.000000e+00  5.000000e-01  1.000000e+00  5.000000e-01
             5             5
  1.277970e+02             1
             1             2
             1
             2             2
  2.116840e+06  1.000000e+00  2.000000e+07  1.000000e+00
            10
             1
            10             2
  2.116840e+06             3
             1
             3             2
  0.000000e+00  0.000000e+00  1.643000e+04  0.000000e+00  1.644000e+04  2.000000e-01
  4.000000e+06            14
             3
             2             2            13             4            14             2
  0.000000e+00  0.000000e+00  1.250000e+05  2.496640e-06  2.500000e+05  2.144960e-06
  3.750000e+05  1.303770e-06  5.000000e+05  9.297240e-07  6.250000e+05  5.037260e-07
  7.500000e+05  3.376010e-07  8.750000e+05  1.704380e-07  1.000000e+06  1.077920e-07
  1.125000e+06  4.966470e-08  1.250000e+06  2.912640e-08  1.375000e+06  1.390280e-08
  1.625000e+06  2.226550e-09  1.750000e+06  0.000000e+00
  6.000000e+06            30
             3
             2             2            29             4            30             2
  0.000000e+00  0.000000e+00  1.250000e+05  2.380380e-06  2.500000e+05  2.036950e-06
  3.750000e+05  1.301840e-06  5.000000e+05  9.310490e-07  6.250000e+05  5.420570e-07
  7.500000e+05  3.692980e-07  8.750000e+05  2.065180e-07  1.000000e+06  1.358420e-07
  1.125000e+06  7.321170e-08  1.250000e+06  4.681070e-08  1.375000e+06  2.447610e-08
  1.500000e+06  1.529180e-08  1.625000e+06  7.822870e-09  1.750000e+06  4.808930e-09
  1.875000e+06  2.422920e-09  2.000000e+06  1.474490e-09  2.125000e+06  7.341600e-10
  2.250000e+06  4.438210e-10  2.375000e+06  2.178340e-10  2.500000e+06  1.305350e-10
  2.625000e+06  6.285690e-11  2.750000e+06  3.718030e-11  2.875000e+06  1.736810e-11
  3.000000e+06  1.003060e-11  3.125000e+06  4.397690e-12  3.250000e+06  2.395130e-12
  3.375000e+06  1.094590e-12  3.625000e+06  1.598950e-13  3.750000e+06  0.000000e+00
  8.000000e+06            46
             3
             2             2            45             4            46             2
  0.000000e+00  0.000000e+00  1.250000e+05  2.176940e-06  2.500000e+05  1.761380e-06
  3.750000e+05  1.215870e-06  5.000000e+05  9.381360e-07  6.250000e+05  6.321490e-07
  7.500000e+05  4.856620e-07  8.750000e+05  3.187320e-07  1.000000e+06  2.228500e-07
  1.125000e+06  1.258110e-07  1.250000e+06  8.009520e-08  1.375000e+06  4.338310e-08
  1.500000e+06  2.702090e-08  1.625000e+06  1.437170e-08  1.750000e+06  8.825420e-09
  1.875000e+06  4.647370e-09  2.000000e+06  2.834930e-09  2.125000e+06  1.487070e-09
  2.250000e+06  9.063860e-10  2.375000e+06  4.746080e-10  2.500000e+06  2.896310e-10
  2.625000e+06  1.517980e-10  2.750000e+06  9.292450e-11  2.875000e+06  4.883280e-11
  3.000000e+06  3.004810e-11  3.125000e+06  1.574080e-11  3.250000e+06  9.678110e-12
  3.375000e+06  5.097230e-12  3.500000e+06  3.157780e-12  3.625000e+06  1.671920e-12
  3.750000e+06  1.043330e-12  3.875000e+06  5.544970e-13  4.000000e+06  3.479760e-13
  4.125000e+06  1.843780e-13  4.250000e+06  1.155660e-13  4.375000e+06  6.092440e-14
  4.500000e+06  3.806770e-14  4.625000e+06  1.978460e-14  4.750000e+06  1.221220e-14
  4.875000e+06  6.158970e-15  5.000000e+06  3.694790e-15  5.125000e+06  1.757140e-15
  5.250000e+06  9.918640e-16  5.375000e+06  4.756450e-16  5.625000e+06  7.265010e-17
  5.750000e+06  0.000000e+00
  1.000000e+07            62
             3
             2             2            61             4            62             2
  0.000000e+00  0.000000e+00  1.250000e+05  3.000820e-06  2.500000e+05  1.959100e-06
  3.750000e+05  1.168630e-06  5.000000e+05  7.527980e-07  6.250000e+05  4.522130e-07
  7.500000e+05  2.981800e-07  8.750000e+05  1.792470e-07  1.000000e+06  1.180310e-07
  1.125000e+06  6.988730e-08  1.250000e+06  4.568730e-08  1.375000e+06  2.669250e-08
  1.500000e+06  1.735690e-08  1.625000e+06  1.009820e-08  1.750000e+06  6.583310e-09
  1.875000e+06  3.853770e-09  2.000000e+06  2.542540e-09  2.125000e+06  1.511120e-09
  2.250000e+06  1.017120e-09  2.375000e+06  6.163590e-10  2.500000e+06  4.244270e-10
  2.625000e+06  2.628530e-10  2.750000e+06  1.836970e-10  2.875000e+06  1.134930e-10
  3.000000e+06  7.345730e-11  3.125000e+06  3.971330e-11  3.250000e+06  2.417140e-11
  3.375000e+06  1.309920e-11  3.500000e+06  8.044420e-12  3.625000e+06  4.399740e-12
  3.750000e+06  2.730760e-12  3.875000e+06  1.509380e-12  4.000000e+06  9.478590e-13
  4.125000e+06  5.279750e-13  4.250000e+06  3.344230e-13  4.375000e+06  1.884010e-13
  4.500000e+06  1.206130e-13  4.625000e+06  6.845190e-14  4.750000e+06  4.411530e-14
  4.875000e+06  2.515260e-14  5.000000e+06  1.628330e-14  5.125000e+06  9.322210e-15
  5.250000e+06  6.060300e-15  5.375000e+06  3.469350e-15  5.500000e+06  2.255990e-15
  5.625000e+06  1.288220e-15  5.750000e+06  8.360560e-16  5.875000e+06  4.748630e-16
  6.000000e+06  3.068060e-16  6.125000e+06  1.734240e-16  6.250000e+06  1.116330e-16
  6.375000e+06  6.221890e-17  6.500000e+06  3.953700e-17  6.625000e+06  2.154820e-17
  6.750000e+06  1.340150e-17  6.875000e+06  7.036490e-18  7.000000e+06  4.212890e-18
  7.125000e+06  2.067490e-18  7.250000e+06  1.148740e-18  7.375000e+06  5.502440e-19
  7.625000e+06  7.980220e-20  7.750000e+06  0.000000e+00
  1.200000e+07            72
             3
             2             2            71             4            72             2
  0.000000e+00  0.000000e+00  1.250000e+05  1.550890e-06  2.500000e+05  1.418320e-06
  5.000000e+05  9.269590e-07  7.500000e+05  5.849570e-07  1.000000e+06  3.514840e-07
  1.250000e+06  1.953020e-07  1.500000e+06  9.757040e-08  1.750000e+06  4.225260e-08
  1.875000e+06  2.510160e-08  2.000000e+06  1.554090e-08  2.125000e+06  8.896980e-09
  2.250000e+06  5.525690e-09  2.375000e+06  3.164610e-09  2.500000e+06  1.972230e-09
  2.625000e+06  1.132530e-09  2.750000e+06  7.097000e-10  2.875000e+06  4.097220e-10
  3.000000e+06  2.588360e-10  3.125000e+06  1.495740e-10  3.250000e+06  9.484620e-11
  3.375000e+06  5.548390e-11  3.500000e+06  3.572240e-11  3.625000e+06  2.124240e-11
  3.750000e+06  1.394840e-11  3.875000e+06  8.467740e-12  4.000000e+06  5.696220e-12
  4.125000e+06  3.532230e-12  4.250000e+06  2.433330e-12  4.375000e+06  1.552330e-12
  4.500000e+06  1.099820e-12  4.625000e+06  7.192810e-13  4.750000e+06  5.188220e-13
  4.875000e+06  3.295110e-13  5.000000e+06  2.329940e-13  5.125000e+06  1.351320e-13
  5.250000e+06  8.612400e-14  5.375000e+06  5.028030e-14  5.500000e+06  3.225620e-14
  5.625000e+06  1.894150e-14  5.750000e+06  1.222280e-14  5.875000e+06  7.214050e-15
  6.000000e+06  4.679380e-15  6.125000e+06  2.785510e-15  6.250000e+06  1.822690e-15
  6.375000e+06  1.089020e-15  6.500000e+06  7.140680e-16  6.625000e+06  4.261590e-16
  6.750000e+06  2.790280e-16  6.875000e+06  1.660980e-16  7.000000e+06  1.085050e-16
  7.125000e+06  6.436250e-17  7.250000e+06  4.191370e-17  7.375000e+06  2.474780e-17
  7.500000e+06  1.604980e-17  7.625000e+06  9.419960e-18  7.750000e+06  6.076110e-18
  7.875000e+06  3.538100e-18  8.000000e+06  2.265520e-18  8.125000e+06  1.300020e-18
  8.250000e+06  8.207340e-19  8.375000e+06  4.637300e-19  8.500000e+06  2.883160e-19
  8.625000e+06  1.591180e-19  8.750000e+06  9.654610e-20  8.875000e+06  5.126930e-20
  9.000000e+06  2.981890e-20  9.125000e+06  1.476870e-20  9.250000e+06  7.904280e-21
  9.375000e+06  3.707560e-21  9.625000e+06  4.879190e-22  9.750000e+06  0.000000e+00
  1.400000e+07            77
             3
             2             2            76             4            77             2
  0.000000e+00  0.000000e+00  1.250000e+05  1.285890e-06  2.500000e+05  1.203350e-06
  8.750000e+05  4.635010e-07  1.250000e+06  2.630090e-07  1.625000e+06  1.413440e-07
  2.000000e+06  7.215270e-08  2.250000e+06  4.484940e-08  2.500000e+06  2.715580e-08
  2.750000e+06  1.596070e-08  3.000000e+06  9.031730e-09  3.250000e+06  4.801930e-09
  3.500000e+06  2.377570e-09  3.750000e+06  1.044410e-09  3.875000e+06  6.345560e-10
  4.000000e+06  3.997150e-10  4.125000e+06  2.372500e-10  4.250000e+06  1.499810e-10
  4.375000e+06  8.965290e-11  4.500000e+06  5.711570e-11  4.625000e+06  3.441120e-11
  4.750000e+06  2.211100e-11  4.875000e+06  1.344000e-11  5.000000e+06  8.719920e-12
  5.125000e+06  5.364710e-12  5.250000e+06  3.526690e-12  5.375000e+06  2.196410e-12
  5.500000e+06  1.463870e-12  5.625000e+06  9.252540e-13  5.750000e+06  6.271230e-13
  5.875000e+06  4.034610e-13  6.000000e+06  2.790290e-13  6.125000e+06  1.840450e-13
  6.250000e+06  1.307200e-13  6.375000e+06  8.828240e-14  6.500000e+06  6.416640e-14
  6.625000e+06  4.416490e-14  6.750000e+06  3.245650e-14  6.875000e+06  2.150810e-14
  7.000000e+06  1.509250e-14  7.125000e+06  9.094000e-15  7.250000e+06  5.835550e-15
  7.375000e+06  3.525000e-15  7.500000e+06  2.267930e-15  7.625000e+06  1.373180e-15
  7.750000e+06  8.857190e-16  7.875000e+06  5.374800e-16  8.000000e+06  3.475380e-16
  8.125000e+06  2.105380e-16  8.250000e+06  1.359430e-16  8.375000e+06  8.250170e-17
  8.500000e+06  5.326490e-17  8.625000e+06  3.223520e-17  8.750000e+06  2.075110e-17
  8.875000e+06  1.251320e-17  9.000000e+06  8.027800e-18  9.125000e+06  4.820420e-18
  9.250000e+06  3.080030e-18  9.375000e+06  1.840060e-18  9.500000e+06  1.169950e-18
  9.625000e+06  6.945590e-19  9.750000e+06  4.388900e-19  9.875000e+06  2.584500e-19
  1.000000e+07  1.619880e-19  1.012500e+07  9.436280e-20  1.025000e+07  5.848380e-20
  1.037500e+07  3.354150e-20  1.050000e+07  2.044310e-20  1.062500e+07  1.144950e-20
  1.075000e+07  6.794860e-21  1.087500e+07  3.659670e-21  1.100000e+07  2.073280e-21
  1.112500e+07  1.039540e-21  1.125000e+07  5.369690e-22  1.137500e+07  2.470360e-22
  1.162500e+07  2.912690e-23  1.175000e+07  0.000000e+00
  1.600000e+07            75
             3
             2             2            74             4            75             2
  0.000000e+00  0.000000e+00  1.250000e+05  1.294080e-06  2.500000e+05  1.249590e-06
  5.000000e+05  8.427960e-07  1.875000e+06  8.155960e-08  2.250000e+06  4.538080e-08
  3.500000e+06  7.417110e-09  4.000000e+06  3.421890e-09  4.375000e+06  1.800470e-09
  4.625000e+06  1.141800e-09  4.875000e+06  6.991450e-10  5.000000e+06  5.426750e-10
  5.250000e+06  3.116340e-10  5.500000e+06  1.658470e-10  5.625000e+06  1.148730e-10
  5.750000e+06  7.742320e-11  6.000000e+06  3.144830e-11  6.125000e+06  1.969460e-11
  6.250000e+06  1.276390e-11  6.375000e+06  8.021360e-12  6.500000e+06  5.218410e-12
  6.625000e+06  3.293070e-12  6.750000e+06  2.152340e-12  6.875000e+06  1.365310e-12
  7.000000e+06  8.977100e-13  7.125000e+06  5.733590e-13  7.250000e+06  3.800070e-13
  7.375000e+06  2.449420e-13  7.500000e+06  1.641000e-13  7.625000e+06  1.070670e-13
  7.750000e+06  7.276290e-14  7.875000e+06  4.821830e-14  8.000000e+06  3.336580e-14
  8.125000e+06  2.245040e-14  8.250000e+06  1.579990e-14  8.375000e+06  1.086890e-14
  8.500000e+06  7.817430e-15  8.625000e+06  5.469400e-15  8.750000e+06  3.965590e-15
  9.000000e+06  1.801720e-15  9.125000e+06  1.100010e-15  9.250000e+06  6.949200e-16
  9.375000e+06  4.250530e-16  9.500000e+06  2.690440e-16  9.625000e+06  1.648690e-16
  9.750000e+06  1.045610e-16  9.875000e+06  6.419500e-17  1.000000e+07  4.079470e-17
  1.012500e+07  2.509600e-17  1.025000e+07  1.598220e-17  1.037500e+07  9.845920e-18
  1.050000e+07  6.265010e-18  1.062500e+07  3.847530e-18  1.075000e+07  2.440200e-18
  1.087500e+07  1.493100e-18  1.100000e+07  9.434100e-19  1.112500e+07  5.747880e-19
  1.125000e+07  3.615810e-19  1.137500e+07  2.191790e-19  1.150000e+07  1.371460e-19
  1.162500e+07  8.261300e-20  1.175000e+07  5.134780e-20  1.187500e+07  3.068190e-20
  1.200000e+07  1.890280e-20  1.212500e+07  1.123310e-20  1.225000e+07  6.873310e-21
  1.237500e+07  4.021290e-21  1.250000e+07  2.416230e-21  1.262500e+07  1.380270e-21
  1.275000e+07  8.056220e-22  1.300000e+07  2.453250e-22  1.325000e+07  6.261460e-23
  1.337500e+07  2.833020e-23  1.362500e+07  2.930090e-24  1.375000e+07  0.000000e+00
  1.800000e+07            46
             3
             2             2            45             4            46             2
  0.000000e+00  0.000000e+00  1.250000e+05  1.017870e-06  2.500000e+05  1.085170e-06
  3.750000e+05  9.723440e-07  5.000000e+05  8.463560e-07  8.750000e+05  5.140790e-07
  1.250000e+06  2.878790e-07  1.625000e+06  1.490060e-07  2.250000e+06  4.769050e-08
  2.625000e+06  2.525410e-08  3.000000e+06  1.425580e-08  3.375000e+06  8.562320e-09
  3.750000e+06  5.502480e-09  5.125000e+06  1.273450e-09  5.625000e+06  7.138830e-10
  6.125000e+06  3.676040e-10  6.500000e+06  2.101270e-10  6.750000e+06  1.384900e-10
  7.000000e+06  8.731420e-11  7.250000e+06  5.199110e-11  7.500000e+06  2.847830e-11
  7.625000e+06  2.007530e-11  7.750000e+06  1.351500e-11  8.875000e+06  2.505520e-13
  9.375000e+06  4.498180e-14  9.750000e+06  1.316500e-14  1.000000e+07  6.028060e-15
  1.025000e+07  2.872720e-15  1.050000e+07  1.430270e-15  1.075000e+07  7.279020e-16
  1.087500e+07  4.924450e-16  1.100000e+07  3.241630e-16  1.200000e+07  7.373890e-18
  1.287500e+07  2.840110e-19  1.350000e+07  2.633720e-20  1.400000e+07  3.692250e-21
  1.437500e+07  8.033850e-22  1.462500e+07  2.765390e-22  1.475000e+07  1.585930e-22
  1.487500e+07  8.858070e-23  1.500000e+07  4.803160e-23  1.512500e+07  2.486460e-23
  1.525000e+07  1.201400e-23  1.537500e+07  5.319280e-24  1.562500e+07  4.555270e-25
  1.575000e+07  0.000000e+00
  2.000000e+07           100
             3
             2             2            99             4           100             2
  0.000000e+00  0.000000e+00  1.250000e+05  8.056740e-07  2.500000e+05  8.648510e-07
  3.750000e+05  8.296380e-07  5.000000e+05  7.694340e-07  7.500000e+05  6.232410e-07
  1.000000e+06  4.797440e-07  1.250000e+06  3.505730e-07  1.625000e+06  2.015570e-07
  2.375000e+06  5.833030e-08  3.125000e+06  1.668460e-08  3.500000e+06  9.336790e-09
  3.875000e+06  5.617050e-09  4.250000e+06  3.651840e-09  4.625000e+06  2.547500e-09
  5.125000e+06  1.696340e-09  6.375000e+06  6.839420e-10  6.875000e+06  4.540220e-10
  7.125000e+06  3.616310e-10  7.375000e+06  2.835350e-10  7.625000e+06  2.175710e-10
  7.750000e+06  1.858280e-10  7.875000e+06  1.625650e-10  8.000000e+06  1.365450e-10
  8.125000e+06  1.176870e-10  8.250000e+06  9.674500e-11  8.375000e+06  8.233090e-11
  8.500000e+06  6.632400e-11  8.625000e+06  5.564640e-11  8.750000e+06  4.376420e-11
  8.875000e+06  3.608730e-11  9.000000e+06  2.756180e-11  9.125000e+06  2.225700e-11
  9.250000e+06  1.635560e-11  9.375000e+06  1.281910e-11  9.500000e+06  8.900270e-12
  9.625000e+06  6.660640e-12  9.750000e+06  4.195540e-12  9.875000e+06  2.974410e-12
  1.000000e+07  1.719700e-12  1.012500e+07  1.220790e-12  1.025000e+07  7.067570e-13
  1.037500e+07  5.026890e-13  1.050000e+07  2.916200e-13  1.062500e+07  2.080300e-13
  1.075000e+07  1.210720e-13  1.087500e+07  8.674360e-14  1.100000e+07  5.072940e-14
  1.112500e+07  3.657620e-14  1.125000e+07  2.154410e-14  1.137500e+07  1.567340e-14
  1.150000e+07  9.326710e-15  1.162500e+07  6.868960e-15  1.175000e+07  4.144810e-15
  1.187500e+07  3.101670e-15  1.200000e+07  1.905170e-15  1.212500e+07  1.461880e-15
  1.225000e+07  9.215620e-16  1.237500e+07  7.231860e-16  1.250000e+07  4.658120e-16
  1.262500e+07  3.712640e-16  1.275000e+07  2.399500e-16  1.287500e+07  1.809030e-16
  1.300000e+07  1.058260e-16  1.312500e+07  7.347010e-17  1.325000e+07  4.133970e-17
  1.337500e+07  2.876190e-17  1.350000e+07  1.620410e-17  1.362500e+07  1.129930e-17
  1.375000e+07  6.373870e-18  1.387500e+07  4.455040e-18  1.400000e+07  2.516170e-18
  1.412500e+07  1.770200e-18  1.425000e+07  1.005040e-18  1.437500e+07  7.083230e-19
  1.450000e+07  4.013470e-19  1.462500e+07  2.821930e-19  1.475000e+07  1.592130e-19
  1.487500e+07  1.116300e-19  1.500000e+07  6.267290e-20  1.512500e+07  4.380110e-20
  1.525000e+07  2.444970e-20  1.537500e+07  1.702320e-20  1.550000e+07  9.435830e-21
  1.562500e+07  6.539670e-21  1.575000e+07  3.592990e-21  1.587500e+07  2.475630e-21
  1.600000e+07  1.344440e-21  1.612500e+07  9.146380e-22  1.625000e+07  4.864610e-22
  1.637500e+07  3.271780e-22  1.650000e+07  1.699520e-22  1.662500e+07  1.122910e-22
  1.675000e+07  5.619540e-23  1.687500e+07  3.603150e-23  1.700000e+07  1.690710e-23
  1.712500e+07  1.024360e-23  1.725000e+07  5.083510e-24  1.750000e+07  8.848100e-25
  1.762500e+07  0.000000e+00
